   5.2268978e-04   3.5705469e-04   7.9946842e-06   9.2559109e-05   1.1532814e-04   1.5131163e-04
   3.6352554e-04   1.7864084e-04   8.0307271e-06   9.3817583e-05   1.0970690e-04   1.4159139e-04
   2.8699958e-04   1.2993857e-04   7.6418627e-06   8.8047342e-05   9.3681563e-05   1.5637565e-04
   1.3339928e-04   1.7016277e-04   6.5211607e-06   7.7668250e-05   8.9139191e-05   1.6427867e-04
   8.5525354e-05   2.0183428e-04   6.2058621e-06   7.3020484e-05   1.0055166e-04   1.1153400e-04
   1.6200546e-04   1.3755143e-04   7.0031109e-06   8.0984372e-05   9.8169456e-05   1.2676150e-04
   4.9736521e-05   1.0901970e-04   6.8381804e-06   7.8402649e-05   9.8518406e-05   1.4086436e-04
   4.9313032e-05   1.5385250e-04   6.8598776e-06   8.0381100e-05   9.3789095e-05   1.4243246e-04
   6.2962907e-05   1.4973070e-04   6.5313906e-06   7.5915721e-05   7.9946540e-05   5.5733422e-04
   5.7332686e-04   1.4946100e-04   5.5656700e-06   6.5967041e-05   7.6126906e-05   3.4170550e-03
   2.1662206e-03   1.3669461e-04   5.3008106e-06   6.2109560e-05   8.5957716e-05   1.7285220e-03
   1.1337466e-03   1.2591109e-04   5.9863852e-06   6.9373746e-05   8.3970979e-05   1.1510525e-03
   8.7861646e-04   1.1864914e-04   5.8489357e-06   6.7151054e-05   8.4153298e-05   8.0275566e-04
   5.0368056e-04   1.2810125e-04   5.8596961e-06   6.8627049e-05   8.0157261e-05   1.8471527e-03
   3.4919025e-04   1.2350909e-04   5.5822521e-06   6.4824293e-05   6.8233632e-05   3.0332684e-03
   1.8375556e-04   1.2861784e-04   4.7501413e-06   5.6352839e-05   6.5025302e-05   3.0608101e-03
   9.8724934e-05   1.2116909e-04   4.5277210e-06   5.3070971e-05   7.3477268e-05   2.1574683e-03
   6.1920334e-04   1.0599179e-04   7.3210213e-04   5.9288868e-05   7.1822637e-05   3.0538025e-03
   3.0740524e-03   9.9171289e-05   1.9891694e-03   5.7433858e-05   7.1883441e-05   3.2389579e-03
   1.6559641e-03   1.1031931e-04   2.1621081e-03   5.8632060e-05   6.8508779e-05   1.7587288e-03
   1.3987189e-03   1.0620956e-04   1.8433114e-03   5.5414551e-05   5.8234931e-05   2.1518096e-03
   2.0567636e-03   1.0968796e-04   1.5542870e-03   4.8095262e-05   5.5541466e-05   2.4931714e-03
   2.0656290e-03   1.0311308e-04   3.0664566e-03   4.5335150e-05   6.2809086e-05   1.3067865e-03
   2.1607540e-03   9.0732426e-05   2.3745675e-03   5.0687367e-05   6.1431728e-05   5.6965554e-04
   2.1786997e-03   8.4884677e-05   2.6267078e-03   4.9130323e-05   6.1402005e-05   6.6988266e-04
   2.0643418e-03   9.4209588e-05   2.9799012e-03   5.0086859e-05   5.8552470e-05   5.1326211e-04
   1.3740107e-03   9.0800290e-05   2.1948378e-03   4.7365122e-05   4.9701187e-05   2.2618576e-04
   1.8839569e-03   9.3740340e-05   1.8628445e-03   4.1052793e-05   4.7440558e-05   6.4105472e-04
   1.7429411e-03   8.8184677e-05   2.7704249e-03   3.8726333e-05   5.3689420e-05   1.3835685e-03
   1.8246930e-03   7.7417396e-05   2.5456756e-03   4.3331486e-05   5.2543736e-05   2.3509738e-03
   2.1484944e-03   7.2508066e-05   9.1878715e-04   4.2026308e-05   5.2448572e-05   1.9783422e-03
   3.3773576e-03   8.0555899e-05   1.6104102e-03   4.2787475e-05   5.0042814e-05   8.6160232e-04
   1.8139950e-03   7.7681740e-05   1.8774122e-03   4.0485055e-05   4.2417615e-05   4.8037839e-04
   1.2351862e-03   8.0079424e-05   1.7093906e-02   3.5040664e-05   4.0520937e-05   3.4819116e-02
   3.1257866e-04   7.5375918e-05   2.4691743e-02   3.3080944e-05   1.8275158e-03   1.2775077e-01
   7.6203037e-04   1.2660187e-03   2.4437048e-02   1.2254975e-03   2.7003722e-03   6.5172392e-02
   4.6957362e-04   2.0870859e-03   9.9893280e-03   2.1104495e-03   1.3555767e-03   3.3887725e-01
   1.3384057e-04   1.3391916e-03   6.4250317e-03   1.7906955e-03   8.1420688e-04   2.5923918e-01
   1.3687702e-04   6.9256788e-04   1.2056077e-02   2.7569845e-03   4.5393046e-04   2.6001839e-01
   1.5172985e-03   1.1358391e-03   1.2822260e-02   2.2667420e-03   8.7439851e-04   3.1159328e-01
   1.9100949e-03   3.7180637e-04   1.8895437e-03   2.3407750e-03   3.5833929e-04   9.5848309e-02
   8.2777648e-04   1.9020083e-04   8.2736619e-03   1.9796404e-03   1.7760986e-04   1.1852905e-01
   1.7965772e-03   5.0951078e-04   6.2409404e-03   1.6530085e-03   2.8703836e-04   1.3145454e-01
   3.1406377e-03   2.5956389e-04   6.6829250e-03   1.4513797e-03   2.7018653e-04   5.0430961e-02
   2.5531734e-03   7.6896815e-05   6.4488916e-03   1.6104236e-03   1.4504187e-04   3.2241238e-02
   1.6594565e-03   7.4729252e-05   8.9350039e-03   1.7083083e-03   6.0583110e-05   3.9317029e-02
   9.9323595e-04   1.7124196e-04   7.4984984e-03   1.2799791e-03   1.2921678e-04   2.1766275e-02
   5.1312220e-04   1.0766755e-04   1.0680925e-02   1.7307772e-03   1.3900169e-04   1.2168492e-02
   3.5558222e-04   7.4104637e-05   7.2989481e-03   2.0528831e-03   6.2958684e-04   1.4152889e-02
   2.6687548e-04   8.8133236e-05   4.4994061e-03   1.9404984e-03   2.3097853e-03   5.4052390e-03
   3.5731722e-04   5.4316924e-04   6.8492105e-03   1.9468927e-03   1.9497081e-03   6.2059120e-03
   1.3196876e-04   1.9488687e-03   1.5603674e-02   1.7416067e-03   1.8947697e-03   8.9388050e-03
   1.1231212e-04   2.4767422e-03   1.9059713e-02   1.7502640e-03   1.6020540e-03   3.5841258e-03
   1.6375316e-04   3.3776465e-03   2.3159871e-02   8.5044414e-04   1.6382907e-03   2.7405576e-03
   1.5888382e-04   2.2196111e-03   1.2761971e-02   1.5948984e-03   1.6785878e-03   3.4828863e-03
   1.0307253e-04   1.9357300e-03   2.6203023e-02   1.5297343e-03   1.4245356e-03   3.8568510e-03
   9.5091060e-05   1.4330628e-03   2.2343983e-02   1.6213723e-03   1.2532219e-03   2.8838610e-03
   1.2109965e-04   5.7579158e-04   4.1703884e-02   1.5902244e-03   1.6972548e-03   2.3663398e-03
   1.1296271e-04   6.2787857e-04   4.9560578e-02   1.6357645e-03   1.5611922e-03   2.2865620e-03
   1.0798736e-04   4.9727446e-04   1.5322668e-01   1.7395142e-03   1.8979151e-03   3.6278269e-03
   1.0911020e-04   1.4023672e-04   4.0498425e-01   1.8981130e-03   1.5262521e-03   4.4243972e-03
   1.0792783e-04   7.1795721e-05   5.9120737e-01   1.7052342e-03   1.8526509e-03   3.8996663e-03
   8.9077343e-05   2.4764611e-04   1.8696171e-01   1.7311496e-03   1.8637859e-03   2.8101766e-03
   8.2620366e-05   1.5693629e-04   2.6397915e-01   1.3718617e-03   8.6546845e-04   2.1419198e-03
   9.6539779e-05   9.5589176e-05   1.0678924e-01   1.2928200e-03   1.0737594e-03   2.0481872e-03
   9.4793582e-05   7.2297076e-05   1.4733553e-01   1.0363581e-03   1.5986675e-03   2.5195132e-03
   9.4098954e-05   1.1393814e-04   1.6503428e-01   1.7791455e-03   1.4309809e-03   2.6202844e-03
   8.9486695e-05   9.7866615e-05   1.5958409e-01   1.0328545e-03   1.6225310e-03   2.3647418e-03
   7.6058441e-05   8.5419874e-05   1.3592232e-01   1.6613606e-03   1.9085813e-03   2.0892193e-03
   7.2926443e-05   8.5749663e-05   1.3436412e-01   1.3452108e-03   2.1429114e-03   1.9898373e-03
   8.2370786e-05   9.5608923e-05   1.3409794e-01   9.6459823e-04   2.0229065e-03   2.1303596e-03
   8.0732299e-05   9.1158328e-05   1.4024797e-01   9.4782532e-04   1.6754672e-03   2.0293330e-03
   8.0373043e-05   7.3392563e-05   1.9247881e-01   1.5783104e-03   1.6734447e-03   2.1626413e-03
   7.6829159e-05   7.1258192e-05   1.0338635e-01   1.7956102e-03   1.0898426e-03   1.9887339e-03
   6.4840401e-05   8.1191689e-05   2.1511779e-01   1.6823538e-03   1.9989252e-03   1.8697265e-03
   6.2059467e-05   7.7933340e-05   1.1746319e-01   5.5799789e-04   9.3790443e-04   1.6792160e-03
   7.0454952e-05   7.8851803e-05   1.2848072e-01   2.3248283e-03   2.5830140e-04   1.8029440e-03
   6.9094591e-05   7.4512759e-05   9.5428422e-02   1.5491267e-03   1.9629274e-03   1.7483747e-03
   6.8642974e-05   6.5398378e-05   4.5249256e-02   1.0869986e-03   2.1817325e-03   1.8578958e-03
   6.5621343e-05   6.1200941e-05   3.0636877e-02   1.8496641e-03   1.6318103e-03   1.7026388e-03
   5.5352408e-05   6.8294691e-05   1.9078438e-02   2.7378250e-03   5.8763277e-04   1.5895601e-03
   5.3026387e-05   6.6227216e-05   3.4559464e-02   1.3870945e-03   2.0178896e-03   1.4402611e-03
   6.0216037e-05   6.7715359e-05   3.3719370e-02   7.5595386e-04   1.9357517e-03   1.5445179e-03
   5.9091024e-05   6.3966236e-05   2.9661820e-02   1.7199463e-03   1.3924813e-03   1.4913085e-03
   5.8633957e-05   5.5487379e-05   2.6545497e-02   1.9717660e-03   7.0018139e-04   1.5867353e-03
   5.6087031e-05   5.2343315e-05   2.4520302e-02   1.2488369e-03   2.2558256e-03   1.4560082e-03
   4.7236523e-05   5.8503271e-05   2.4180835e-02   5.8927110e-04   2.2430590e-03   1.3580243e-03
   4.5289295e-05   5.6686848e-05   2.5818289e-02   9.0132272e-04   1.2954958e-03   1.2299639e-03
   5.1472163e-05   5.7805049e-05   2.5671979e-02   2.9127495e-04   3.9505539e-04   1.3206408e-03
   5.0540369e-05   5.4659536e-05   2.6333725e-02   1.2992515e-04   8.5178304e-04   1.2738725e-03
   5.0082077e-05   4.7397192e-05   2.5805964e-02   6.8416709e-04   2.1183092e-03   9.4282726e-04
   4.7933674e-05   4.4695098e-05   2.1955064e-02   2.0553664e-03   2.7618041e-03   1.3786141e-03
   4.0312663e-05   5.0001614e-05   2.0951410e-02   1.7860888e-03   1.0434023e-03   1.1228778e-03
   3.8682128e-05   4.8488285e-05   2.4359049e-02   6.7686080e-04   5.1646473e-04   9.3973872e-04
   4.3996710e-05   4.9385346e-05   2.1682803e-02   1.3178749e-03   6.3761702e-04   1.1166550e-03
   4.3226219e-05   5.5130434e-04   2.3765555e-02   6.0683705e-04   3.2232616e-04   1.2547519e-03
   4.2777531e-05   2.0003831e-03   2.2815510e-02   7.9674325e-05   1.1131127e-04   1.2273627e-03
   4.0965695e-05   2.4546170e-03   1.8458352e-02   4.1790552e-04   2.3021133e-04   1.0136063e-03
   3.4403099e-05   2.7532926e-03   1.7969523e-02   4.1325854e-04   1.7884673e-03   9.9757821e-04
   3.3038615e-05   2.9775342e-03   2.0722803e-02   1.3039347e-04   1.8734890e-03   1.0129273e-03
   3.7606827e-05   1.6727283e-03   1.9136909e-02   5.7756061e-05   2.2903734e-03   9.8001484e-04
   3.6970367e-05   1.6856218e-03   1.7878360e-02   2.0365138e-04   2.0147020e-03   9.4985406e-04
   3.6538088e-05   1.3145462e-03   1.8970902e-02   1.6923835e-04   8.5342131e-04   1.0206618e-03
   3.5010386e-05   2.3993315e-03   1.5835451e-02   1.3315894e-04   5.5078997e-04   9.4330702e-04
   2.9359633e-05   2.2269823e-03   1.4937308e-02   1.0581003e-04   1.8482821e-03   1.4531230e-03
   2.8218269e-05   2.1176027e-03   1.5723103e-02   1.2301151e-04   2.0512951e-03   2.8564284e-03
   3.2144772e-05   2.7408297e-03   1.7304438e-02   1.1715380e-04   1.8043684e-03   1.3465008e-03
   3.1619670e-05   2.2160564e-03   1.7558995e-02   1.1573290e-04   2.2333257e-03   1.4795663e-03
   3.1208521e-05   1.6293919e-03   1.6882643e-02   1.1611848e-04   3.2777227e-03   1.3980476e-03
   2.9920638e-05   2.6179923e-03   1.4338407e-02   1.1925372e-04   1.8060489e-03   2.3192683e-03
   2.5055323e-05   1.9919704e-03   1.2033224e-02   1.1549024e-04   1.0617971e-03   1.5022138e-03
   2.4101057e-05   1.1806997e-03   1.2294615e-02   9.2621226e-05   5.6035969e-04   1.9552357e-03
   2.7475864e-05   2.2818528e-03   1.2066467e-02   9.0263178e-05   4.7601196e-04   6.4444912e-04
   2.7043197e-05   9.3911280e-04   1.2499491e-02   1.2010126e-03   2.1183631e-04   1.7060775e-03
   2.6656169e-05   8.0225308e-04   1.2405510e-02   2.0539372e-03   2.0548532e-04   6.3590223e-04
   2.5570672e-05   4.1583714e-04   1.1060675e-02   1.2697975e-03   5.7691369e-04   2.5781621e-03
   2.1381877e-05   3.2559739e-04   1.1671628e-02   6.6298251e-04   2.4739624e-03   1.8896058e-03
   2.0584437e-05   1.7828994e-04   1.3806774e-02   1.2055562e-03   2.1562226e-03   2.2193269e-03
   2.3484954e-05   6.7267795e-05   1.2525290e-02   3.5894809e-04   9.7053905e-04   1.6583897e-03
   2.3128946e-05   9.9453892e-05   1.1386235e-02   1.3780946e-04   8.0941941e-04   2.1794331e-03
   2.2767717e-05   8.9041581e-05   9.1713358e-03   1.1051080e-03   1.2477114e-03   3.0700493e-03
   2.1852986e-05   2.2709188e-05   8.1797494e-03   2.0887845e-03   3.0920852e-03   3.8121573e-03
   1.8246856e-05   3.8108138e-05   1.0023489e-02   1.1468751e-03   2.4644016e-03   3.0555658e-03
   1.7580816e-05   6.7322800e-05   1.0542482e-02   6.2679889e-04   1.2624123e-03   2.1290006e-03
   2.0073607e-05   4.2699877e-05   9.3024292e-03   1.3318095e-03   6.6094605e-04   2.5594936e-03
   1.9781115e-05   3.5707143e-05   7.7014944e-03   8.8361806e-04   1.7892297e-03   3.0507789e-03
   1.9446363e-05   4.1661127e-05   8.8087416e-03   1.8475491e-03   1.9209452e-03   2.0591657e-03
   1.8675695e-05   4.3023682e-05   7.6022443e-03   2.1952430e-03   1.7601610e-03   2.3760498e-03
   1.5571363e-05   3.5882444e-05   6.8454541e-03   1.4728166e-03   2.4580208e-03   2.3096557e-03
   1.5015377e-05   2.9890801e-05   8.5818090e-03   5.2526922e-04   1.7455326e-03   3.3630910e-03
   1.7157675e-05   3.5827650e-05   1.0319225e-02   7.9202194e-04   8.2409418e-04   3.7892055e-03
   1.6917759e-05   3.4365317e-05   1.0453679e-02   2.0915991e-03   7.2209316e-04   2.5949512e-03
   1.6609421e-05   3.6176279e-05   9.3314957e-03   2.1868135e-03   3.8200073e-04   1.7386219e-03
   1.5960265e-05   3.2886681e-05   8.2646875e-03   1.2556147e-03   1.4114409e-03   2.5164423e-03
   1.3288061e-05   3.0943567e-05   7.9287401e-03   7.1962756e-04   2.1544360e-03   3.1939282e-03
   1.2824210e-05   2.8340848e-05   8.0118580e-03   1.4062353e-03   1.7397354e-03   3.1058728e-03
   1.4665228e-05   3.0224805e-05   6.1831790e-03   2.4838487e-03   1.9135135e-03   1.4607909e-03
   1.4468784e-05   2.8906166e-05   5.8286871e-03   2.2117834e-03   1.9481865e-03   2.0758885e-03
   1.4186256e-05   3.0955269e-05   6.1465422e-03   8.5566975e-04   1.0362659e-03   1.9139063e-03
   1.3639573e-05   2.8572894e-05   6.0547705e-03   2.1059815e-03   1.9854909e-03   3.0798695e-03
   1.1339475e-05   2.6282080e-05   7.3740612e-03   1.2891240e-03   1.1426673e-03   2.4317441e-03
   1.0952723e-05   2.3950575e-05   7.8084638e-03   7.5916746e-04   9.9313791e-04   2.3847409e-03
   1.2534775e-05   2.5915516e-05   7.0679319e-03   1.0288218e-03   1.7459008e-03   2.8035198e-03
   1.2374235e-05   2.4712293e-05   7.3300282e-03   2.3751426e-03   1.3757629e-03   3.1955121e-03
   1.2116529e-05   2.6434548e-05   5.6815771e-03   1.7638409e-03   2.0114165e-03   3.2798225e-03
   1.1656248e-05   2.4378972e-05   4.5544593e-03   1.1988010e-03   1.3635461e-03   3.1006340e-03
   9.6765520e-06   2.2464365e-05   5.4909472e-03   2.0801590e-03   1.6642801e-03   3.3780552e-03
   9.3542885e-06   2.0486064e-05   5.9085139e-03   1.2759242e-03   1.3409237e-03   3.3552060e-03
   1.0713752e-05   2.2150275e-05   4.3481859e-03   1.7198679e-03   8.2421577e-04   9.3314994e-04
   1.0582830e-05   2.1103596e-05   4.4042850e-03   1.7574440e-03   1.7136553e-03   2.2618432e-03
   1.0348701e-05   2.2591323e-05   3.9627084e-03   9.3466139e-04   1.2681288e-03   2.5822742e-03
   9.9612572e-06   2.0848568e-05   4.4262431e-03   1.7571640e-03   2.6896597e-03   1.3224451e-03
   8.2574256e-06   1.9177430e-05   5.6424152e-03   1.1954733e-03   1.9486704e-03   1.6962376e-03
   7.9890761e-06   1.7503290e-05   6.8793004e-03   1.2679934e-03   1.2667386e-03   2.8509262e-03
   9.1572273e-06   1.8942422e-05   4.6799821e-03   2.0028596e-03   1.8750951e-03   2.5292147e-03
   9.0507061e-06   1.8021808e-05   4.3493349e-03   1.2465378e-03   1.2752942e-03   2.6227768e-03
   8.8387456e-06   1.9303756e-05   4.5574333e-03   1.3039309e-03   1.8669919e-03   2.0152742e-03
   8.5126907e-06   1.7824538e-05   4.4482741e-03   1.6146402e-03   1.3532485e-03   3.3904956e-03
   7.0580847e-06   1.6374631e-05   3.5239272e-03   1.3191886e-03   9.9827494e-04   9.8056368e-03
   6.8347860e-06   1.4955778e-05   5.1798956e-03   1.1341783e-03   2.0161771e-03   7.2230885e-03
   7.8267909e-06   1.6197710e-05   5.7740391e-03   2.3326125e-03   1.9263611e-03   1.3367694e-02
   7.7403433e-06   1.5390237e-05   4.6424261e-03   1.3454711e-03   1.3492393e-03   6.3903440e-03
   7.5490550e-06   1.6494924e-05   3.6831831e-03   1.4427412e-03   6.2675972e-04   5.8727732e-03
   7.2747306e-06   1.5239456e-05   2.3790679e-03   1.2259276e-03   5.0767812e-04   6.9745798e-03
   6.0359117e-06   1.3980958e-05   3.9897520e-03   1.1764807e-03   1.6791262e-03   3.4754341e-03
   5.8502380e-06   1.2778978e-05   4.9812389e-03   1.3868950e-03   2.5594401e-03   1.3439405e-03
   6.6896105e-06   1.3850764e-05   3.6796897e-03   1.3764940e-03   1.7791907e-03   2.3973793e-03
   6.6196518e-06   1.3142784e-05   2.5454054e-03   9.6904276e-04   7.0400258e-04   1.9794086e-03
   6.4475051e-06   1.4094658e-05   2.5909373e-03   2.1172867e-03   9.2856495e-04   2.3494272e-03
   6.2167630e-06   1.3029176e-05   3.4548708e-03   1.3999713e-03   6.9461027e-04   1.1936335e-03
   5.1617395e-06   1.1937157e-05   2.6656164e-03   1.8621006e-03   4.3489312e-04   3.9897903e-04
   5.0074718e-06   1.0918925e-05   3.1138373e-03   1.6378796e-03   4.8543294e-04   5.7930742e-04
   5.7176196e-06   1.1843784e-05   5.0128104e-03   9.2022796e-04   1.5445313e-04   1.1445204e-03
   5.6611832e-06   1.1223462e-05   3.9432861e-03   1.4751195e-03   1.7406341e-03   9.2698367e-04
   5.5066560e-06   1.2043599e-05   2.1659647e-03   1.8844397e-03   2.5874202e-03   2.0514738e-03
   5.3126234e-06   1.1139399e-05   1.5625270e-03   1.6882246e-03   2.9307899e-03   1.6274729e-03
   4.4141437e-06   1.0192052e-05   2.8763105e-03   2.0256707e-03   2.4878001e-03   1.3451782e-03
   4.2860755e-06   9.3295599e-06   2.6292314e-03   1.2584723e-03   2.4248268e-03   1.7782865e-03
   4.8868279e-06   1.0127553e-05   2.3528893e-03   1.8221297e-03   2.4888844e-03   1.1587925e-03
   4.8414611e-06   9.5843648e-06   1.7504561e-03   1.6821339e-03   1.3321774e-03   5.2857802e-04
   4.7030691e-06   1.0290948e-05   2.5765280e-03   9.2288092e-04   6.8157666e-04   1.5309336e-03
   2.0905198e-03   9.5236596e-06   1.8838903e-03   1.6892179e-03   7.3037756e-04   2.4255574e-03
   2.9011706e-03   8.7020046e-06   2.1686896e-03   3.0366268e-03   4.4461399e-04   1.5772290e-03
   2.4302940e-03   7.9714937e-06   2.4707710e-03   2.0348036e-03   1.2636159e-04   3.4864173e-03
   2.3547076e-03   8.6599577e-06   2.2010266e-03   1.8325872e-03   2.2421887e-04   2.0840630e-03
   1.4828606e-03   8.1977252e-06   1.7586126e-03   1.5763778e-03   3.3477750e-04   3.2951627e-03
   1.4430279e-03   8.7932976e-06   1.8522164e-03   1.9975596e-03   1.1940228e-04   3.6532866e-03
   1.8477500e-03   8.1422280e-06   6.3557093e-03   1.5888423e-03   1.1826318e-04   3.8447719e-03
   1.7674995e-03   7.4297450e-06   7.2972520e-03   1.0627658e-03   2.0442655e-04   3.9977682e-03
   2.4411366e-03   6.8110738e-06   7.9155289e-03   1.7701339e-03   1.9256407e-04   1.0173147e-02
   1.3871704e-03   7.4049860e-06   8.6305995e-03   1.2291577e-03   1.5527968e-04   1.7648675e-02
   2.2530635e-03   7.0142708e-06   8.9108203e-03   9.7927376e-04   1.4633003e-04   1.5958835e-02
   1.6853569e-03   7.5135555e-06   7.3675389e-03   2.0521716e-03   1.4570978e-04   1.9927058e-02
   2.0771758e-03   6.9611329e-06   8.3784468e-03   1.6050321e-03   1.4147678e-04   1.5628881e-02
   2.5795858e-03   6.3434483e-06   1.3626536e-02   8.5717136e-04   1.4404915e-04   1.8673585e-02
   3.0506482e-03   5.8195415e-06   1.0911785e-02   1.6284606e-03   1.4802041e-04   1.4523705e-02
   2.5855608e-03   6.3318404e-06   1.0230473e-02   1.1345365e-03   1.3839354e-04   1.1692449e-02
   2.5539976e-03   6.0016195e-06   1.4092654e-02   1.6586004e-03   1.3363179e-03   1.2132688e-02
   1.1094205e-03   6.4200226e-06   1.4499801e-02   8.4078799e-04   2.7240198e-03   2.4943877e-02
   2.0347609e-03   5.9513285e-06   1.2340820e-02   7.1803098e-04   2.8267278e-03   3.0130820e-02
   2.2903108e-03   5.4159399e-06   2.7986558e-02   1.5152349e-03   1.0613467e-03   1.7457603e-02
   1.5293681e-03   4.9723224e-06   1.9732096e-02   2.1082129e-03   1.1244941e-03   1.5253864e-02
   1.9669133e-03   5.4141828e-06   1.5488763e-02   2.0804860e-03   2.5278484e-03   9.5335105e-03
   1.1663691e-03   5.1351267e-06   7.7024986e-03   1.0824613e-03   1.7797005e-03   9.1231956e-03
   5.1506800e-04   2.0901515e-03   1.3541458e-02   4.3032036e-04   4.7484751e-04   5.1065859e-02
   4.3295135e-04   2.4120407e-03   3.6592898e-02   8.6433485e-04   1.3875507e-03   6.4290685e-02
   2.7879478e-04   9.8109522e-04   2.3735727e-02   2.1540509e-03   2.1383452e-03   4.2710208e-02
   1.1758038e-04   9.3801219e-04   1.3111941e-02   3.0860503e-03   1.5808335e-03   1.7069089e-02
   4.9578033e-05   6.7140847e-04   1.2738833e-02   2.1767674e-03   8.3352222e-04   3.8379025e-02
   1.3586299e-04   2.0231265e-03   1.8469609e-02   2.0139574e-03   5.0985351e-04   3.0403389e-02
   8.1832614e-05   1.6252923e-03   1.2667007e-02   7.1526994e-04   1.9962226e-03   1.6883888e-02
   3.3357966e-05   3.4664116e-03   3.4832316e-02   5.0481557e-04   1.6325392e-03   2.0437821e-02
   3.4204759e-05   1.6280398e-03   3.4718627e-02   1.8390025e-03   1.1043813e-03   1.9504866e-02
   6.4803681e-05   2.2060953e-03   2.7577114e-02   3.4643526e-03   7.0889637e-04   9.3448217e-03
   4.6518419e-05   2.9736735e-03   1.7181957e-02   2.5500115e-03   7.6660493e-04   1.0620253e-02
   4.0210986e-05   1.3240286e-03   1.6558723e-02   5.0173237e-04   9.6906452e-04   1.2974619e-02
   4.4567437e-05   2.1166414e-03   2.0483704e-02   5.3477980e-04   1.9018942e-03   2.0620571e-02
   4.3662470e-05   2.6407985e-03   1.8493885e-02   3.3789631e-04   2.1241548e-03   9.9151064e-03
   4.2585019e-05   2.0303411e-03   2.5624790e-02   2.1638316e-03   2.3542617e-03   1.3129845e-02
   3.3401991e-05   1.9085412e-03   1.8907774e-02   1.9947613e-03   2.1723822e-03   5.3983739e-03
   3.6774586e-05   1.8436031e-03   3.4049371e-02   2.9752934e-03   2.7905587e-03   8.4313014e-03
   3.9264383e-05   1.8233960e-03   2.0296552e-02   2.3956653e-03   1.7257627e-03   1.2523517e-02
   3.9846502e-05   3.5998933e-03   1.3685289e-02   8.9577896e-04   2.7846266e-03   1.1158087e-02
   3.5195378e-05   2.2633840e-03   1.3234538e-02   4.4005245e-04   2.2289826e-03   1.1167952e-02
   3.5474510e-05   1.7505394e-03   3.3267280e-02   6.0931655e-04   1.9341443e-03   9.2608446e-03
   3.1167413e-05   1.1084006e-03   2.5877153e-02   2.8608677e-04   2.0859467e-03   1.5435692e-02
   3.1648175e-05   3.7383682e-03   2.0630902e-02   1.8264131e-04   2.8465023e-03   1.0764594e-02
   3.2936285e-05   1.9916238e-03   9.3217923e-03   2.5794392e-04   2.9138316e-03   1.3936286e-02
   3.3942457e-05   2.1131419e-03   1.4146450e-02   1.2802982e-04   2.1593322e-03   1.1397420e-02
   3.0260434e-05   1.2414382e-03   1.2901736e-02   6.9373749e-05   1.3992891e-03   2.0808824e-02
   3.0324088e-05   1.6951620e-03   8.7111362e-03   1.2186307e-04   1.3787958e-03   6.6566977e-03
   2.6354136e-05   3.3226869e-03   1.0620580e-02   3.5002511e-05   2.0723106e-03   5.5856487e-03
   2.7093031e-05   3.1743422e-03   1.5432647e-02   2.4756792e-05   8.6524325e-04   1.3974666e-02
   2.8191814e-05   2.7079154e-03   2.4538413e-02   4.5253237e-05   4.0916649e-04   1.0774822e-02
   2.9018408e-05   2.2020970e-03   1.4961778e-02   5.5335882e-04   4.5667345e-04   1.4184187e-02
   2.5810989e-05   2.5172134e-03   1.7329255e-02   2.1570144e-03   3.3947015e-04   1.3293725e-02
   2.5910588e-05   2.3495704e-03   1.8624266e-02   1.1327485e-03   2.5675892e-04   1.9232662e-02
   2.2556819e-05   2.6699753e-03   1.9034668e-02   8.6392006e-04   2.1051742e-04   8.2066249e-03
   2.3173116e-05   2.6975348e-03   1.4257442e-02   4.9629929e-04   1.8769993e-04   1.1688747e-02
   2.4081515e-05   2.4164858e-03   1.7269927e-02   3.4764440e-04   2.3624364e-04   8.5504766e-03
   2.4807058e-05   3.1673919e-03   2.5731674e-02   1.9213622e-04   2.1961403e-04   1.6418296e-02
   2.2058700e-05   2.7294987e-03   1.5386991e-02   8.5309244e-05   2.2351889e-04   1.5157554e-02
   2.2131178e-05   2.0429089e-03   6.9145066e-03   1.0255150e-04   1.5231293e-03   2.1947455e-02
   1.9279025e-05   1.5883926e-03   2.1853418e-02   1.7865351e-03   3.0481003e-03   1.2727330e-02
   1.9825264e-05   2.5089762e-03   4.1670856e-02   1.8630136e-03   3.1519507e-03   2.4994184e-02
   2.0574016e-05   1.8777895e-03   2.1280869e-02   1.2699616e-03   4.0537421e-04   1.6040499e-02
   2.1205776e-05   2.3671703e-03   1.4553795e-02   2.2620635e-03   4.1932575e-04   9.8380856e-03
   1.8867066e-05   1.3937740e-03   1.1114008e-02   2.8050637e-03   4.3192308e-04   2.4332132e-02
   1.8904713e-05   2.5399095e-03   1.7433620e-02   1.4745453e-03   4.4488164e-04   8.2309485e-03
   1.6479843e-05   1.3809954e-03   2.0075184e-02   2.7194754e-03   2.7548190e-04   1.4472982e-02
   1.6960096e-05   1.6653763e-03   1.9322766e-02   2.0852925e-03   2.8326387e-04   1.0178819e-02
   1.7577109e-05   1.9527558e-03   1.3903096e-02   3.6097881e-04   3.6127753e-04   1.5083604e-02
   1.8127410e-05   2.1066968e-03   2.1119375e-02   4.5696036e-04   3.5531687e-04   3.0000112e-02
   1.6137618e-05   1.6574355e-03   3.5753786e-02   2.2986840e-04   2.9984752e-04   3.2756637e-02
   1.6148245e-05   1.6939090e-03   1.9575130e-02   3.3859912e-04   2.8324501e-04   1.7854042e-02
   1.4086823e-05   2.8502264e-03   8.8378589e-03   8.0033907e-05   7.7902339e-04   8.2329829e-03
   1.4509021e-05   1.8206777e-03   1.3136308e-02   3.8043749e-05   3.6335391e-03   1.6507311e-02
   1.5016643e-05   2.9861730e-03   2.3134744e-02   1.4935438e-04   3.2239174e-03   9.3759850e-03
   1.5495788e-05   2.8219283e-03   1.4981150e-02   1.0979618e-04   1.7741019e-03   1.4267376e-02
   1.3802891e-05   2.6980103e-03   1.1376722e-02   6.5739702e-05   2.4805921e-03   1.5855073e-02
   1.3793642e-05   2.9978412e-03   1.0292513e-02   4.6427129e-05   1.6685405e-03   1.4802065e-02
   1.2041224e-05   2.4271552e-03   1.9337332e-02   5.8625099e-04   4.0317766e-04   2.3896405e-02
   1.2412074e-05   3.2118043e-03   1.4411808e-02   1.4489464e-03   2.5067573e-04   1.6984526e-02
   1.2829084e-05   3.6512974e-03   1.3178685e-02   7.5094498e-04   1.4487716e-04   1.0983597e-02
   1.3246132e-05   2.0402023e-03   9.0480263e-03   1.3491151e-03   1.2584217e-04   1.6091221e-02
   1.1805867e-05   1.3422874e-03   1.7294486e-02   8.4069301e-04   1.4058255e-04   2.2048398e-02
   1.1782288e-05   2.1230477e-03   2.7065610e-02   7.8578240e-04   1.3223241e-03   1.5038803e-02
   1.0292611e-05   1.1787197e-03   1.8637439e-02   5.4159003e-04   1.9748850e-03   5.3689356e-03
   1.0618120e-05   2.3588853e-03   1.9323700e-02   3.9652665e-04   2.7843799e-03   1.2300873e-02
   1.0960131e-05   2.5663662e-03   1.7554495e-02   2.2851546e-04   3.0549627e-03   1.1497113e-02
   1.1323008e-05   2.7862144e-03   2.6589783e-02   1.3656232e-04   2.3824322e-03   6.7040378e-03
   1.0097708e-05   2.9755360e-03   1.2541408e-02   1.4154824e-04   8.8925419e-04   1.2618842e-02
   1.0064160e-05   3.4528405e-03   2.7575584e-02   1.3538128e-03   7.6744270e-04   1.0814279e-02
   8.7978758e-06   1.9101960e-03   2.1095689e-02   2.1335629e-03   3.4493820e-04   1.6558663e-02
   9.0833866e-06   5.3030789e-04   1.1516674e-02   2.9275440e-03   7.1146394e-04   4.6904693e-03
   9.3633897e-06   1.4683669e-04   9.8569627e-03   1.7775354e-03   2.8371966e-04   9.3759830e-03
   9.6790302e-06   5.4402817e-04   1.5656408e-02   6.3760424e-04   1.9373125e-04   6.8796495e-03
   8.6366398e-06   2.0460743e-03   1.4214367e-02   3.3666883e-04   2.5916410e-04   1.0913916e-02
   8.5965201e-06   1.6421353e-03   1.3308786e-02   1.8413290e-04   3.1441496e-04   1.0175013e-02
   7.5201658e-06   1.5729150e-03   8.7756955e-03   1.8331804e-04   7.2931617e-04   1.1388558e-02
   7.7704283e-06   2.4303275e-03   2.6465428e-02   1.2727798e-04   2.1686529e-03   3.2554165e-02
   7.9992217e-06   2.6833908e-03   5.8544164e-02   7.7168070e-04   1.6847628e-03   5.1205505e-02
   8.2736894e-06   8.3913869e-04   2.7154451e-02   1.9307587e-03   1.8273738e-03   5.1959723e-02
   7.3869284e-06   2.1161025e-03   2.0424847e-02   1.7203177e-03   2.4234509e-03   3.8000222e-02
   7.3428563e-06   1.4467377e-03   4.8158716e-03   2.5033081e-03   2.2176677e-03   3.7343455e-02
   6.4279776e-06   2.7712826e-03   1.1216236e-02   1.5980188e-03   2.3469763e-03   1.9167303e-02
   6.6472047e-06   3.0567998e-03   1.9201993e-02   1.5315228e-03   1.7349719e-03   1.3818393e-02
   6.8337589e-06   2.7412903e-03   1.1496832e-02   7.2487205e-04   4.8729967e-04   9.4064282e-03
   7.0723529e-06   1.7963140e-03   8.6214466e-03   4.4908582e-04   4.1256496e-04   1.8057576e-02
   6.3180068e-06   1.9770006e-03   1.5454975e-02   3.2743407e-04   1.5771330e-04   1.3956959e-02
   6.2719789e-06   1.3379097e-03   1.4144968e-02   3.2070523e-04   1.5991702e-04   1.1370359e-02
   5.4943793e-06   5.7227773e-04   1.1715045e-02   8.5870850e-05   6.3669526e-05   1.5434289e-02
   5.6863047e-06   4.9572025e-04   9.8773691e-03   1.7731848e-03   4.7995348e-05   5.3467749e-03
   5.8380638e-06   5.7340888e-04   1.5264421e-02   1.7933924e-03   3.0256848e-05   1.4206369e-02
   6.0454128e-06   2.0835366e-03   1.9742465e-02   6.4694277e-04   2.0114655e-05   1.1005991e-02
   5.4037263e-06   1.2274318e-03   1.9635913e-02   4.9538711e-04   1.8274867e-05   1.1044938e-02
   5.3572430e-06   8.7805161e-04   7.0707807e-03   4.4041420e-04   8.7076620e-06   8.4764565e-03
   4.6963478e-06   4.1013308e-04   4.4453388e-03   3.6779483e-04   1.0182058e-05   8.1747413e-03
   4.8642756e-06   2.2482502e-03   4.5108127e-02   1.2042553e-04   9.8673686e-06   4.8333852e-02
   4.9874127e-06   2.8749242e-03   4.1407890e-02   1.3177354e-04   8.9741510e-06   3.7792206e-02
