   2.3678086e-07   3.5919124e-04   1.4256445e-03   6.7668918e-07   2.5565237e-04   1.9461792e-03
   6.2123381e-08   1.6568066e-04   1.5686693e-03   6.3907026e-08   3.0908064e-04   1.2530494e-03
   1.2767732e-07   2.0037726e-04   1.4426281e-03   3.9793036e-07   3.2793641e-04   1.2560001e-03
   7.3698095e-08   8.1931078e-05   4.3163759e-03   1.9910111e-07   1.0275955e-03   1.5368596e-03
   3.4457128e-08   2.8854149e-05   5.8594654e-03   7.8334887e-08   1.8059456e-03   1.4184571e-03
   4.0907197e-08   7.2657917e-05   1.9659050e-03   6.9921925e-06   1.7074124e-03   1.0274470e-03
   2.2896628e-08   2.2513508e-05   1.1783342e-03   1.2150467e-05   1.1261220e-03   6.9113033e-04
   8.7243936e-09   5.6144906e-05   2.7243142e-03   1.1714402e-05   3.1496324e-04   4.0295053e-04
   7.9903579e-09   1.8192735e-05   1.2478967e-03   3.7092192e-05   4.6414725e-05   2.6576199e-04
   1.9273031e-08   1.8058829e-05   2.0110480e-03   2.2624928e-04   6.6262152e-05   2.9724584e-04
   2.8187710e-08   3.9815369e-05   1.0280853e-03   1.4105361e-05   8.0156427e-05   4.4549658e-04
   3.0448673e-08   5.2838001e-05   1.1818779e-03   1.4773896e-05   7.6163444e-07   6.4142371e-04
   3.0579168e-08   2.9024754e-05   4.5680085e-04   1.3600504e-05   6.6163424e-05   7.9312315e-04
   2.6993060e-08   2.4858971e-05   2.0706855e-03   1.6993409e-06   1.5756965e-04   8.4971740e-04
   2.0827306e-08   1.5713922e-05   1.5865871e-03   2.2978572e-06   8.8807853e-05   7.9057905e-04
   1.4305278e-08   7.5461064e-06   2.9965959e-03   1.7600932e-06   7.5155262e-05   6.3290536e-04
   8.5863533e-09   6.7264278e-06   3.5460498e-03   7.3481943e-06   1.7066470e-05   4.3509719e-04
   5.4493365e-09   8.2792530e-06   4.3740693e-03   1.1052611e-05   1.4240803e-05   2.6146518e-04
   5.6855288e-09   1.2643228e-05   3.6441415e-03   2.5623365e-06   4.5554035e-07   1.6057500e-04
   8.6154781e-09   3.4755502e-05   4.5949855e-03   1.7819621e-06   1.6731048e-05   1.5181575e-04
   1.2637236e-08   1.9960114e-05   5.0194356e-03   1.4780451e-06   7.1510223e-06   2.2050373e-04
   1.5900010e-08   3.4382556e-07   6.3982871e-04   1.0351202e-07   1.7586083e-05   3.2750996e-04
   1.7165873e-08   1.6670203e-05   1.5426679e-03   9.1988497e-07   2.9795193e-05   4.2502236e-04
   1.6037640e-08   2.2162998e-05   1.2098220e-03   1.0367424e-06   7.6503905e-05   4.7401233e-04
   1.2956592e-08   2.0123509e-05   1.4550662e-03   3.7257654e-07   5.1083717e-05   4.5683336e-04
   9.0085766e-09   5.8007971e-06   9.0803540e-04   4.7737830e-07   1.2104397e-05   3.8077254e-04
   5.4583004e-09   3.0207165e-06   4.9734106e-03   1.6178179e-05   4.4408328e-05   2.7304695e-04
   3.3129312e-09   6.1181126e-06   2.6792872e-03   5.1160239e-07   9.1991804e-06   1.6925401e-04
   4.0191860e-06   4.1208118e-04   1.8423183e-03   2.1534396e-06   3.0563620e-04   5.9430820e-05
   1.5696596e-05   9.0975815e-05   4.0835064e-03   2.0738266e-05   3.7983944e-04   1.1929088e-04
   1.2372536e-06   6.9227508e-05   5.3699217e-03   1.6820817e-06   3.0231638e-05   1.0960072e-04
   1.4479296e-06   6.8771691e-05   4.5488570e-03   7.1673071e-06   3.3245600e-04   2.0381835e-04
   2.1403178e-07   9.1864441e-05   2.6861671e-03   1.3223168e-05   5.4774633e-04   2.3597554e-04
   2.6718646e-07   3.5024657e-05   4.3744305e-03   1.1857882e-05   9.5470967e-05   2.3155646e-04
   1.7969013e-07   8.8882971e-05   3.5518541e-04   3.1118226e-06   5.2010278e-04   2.3514407e-04
   1.1410906e-05   4.8866510e-05   2.9296007e-03   4.3125024e-06   3.1496192e-04   1.8588925e-04
   6.0548399e-07   4.9106039e-05   1.1548087e-03   1.8256733e-05   1.2211543e-04   1.6340368e-04
   1.9847303e-05   2.4030022e-05   1.1363013e-03   5.6370628e-06   2.6992534e-04   1.3541293e-04
   5.3724059e-06   1.1055173e-04   1.3619287e-03   1.8022245e-05   2.3958906e-04   8.3712526e-05
   3.5165946e-05   4.9845496e-04   3.7876571e-03   6.1394433e-07   1.5845226e-04   4.0626754e-05
   3.0267219e-05   9.3759388e-05   5.1113155e-03   1.0064933e-05   6.0280124e-04   7.7516654e-05
   2.3143440e-05   1.4639949e-04   2.4014919e-03   7.6167566e-06   1.9722847e-04   1.1285165e-04
   2.2876900e-05   4.5867791e-04   1.8358547e-03   9.0477843e-06   5.5825346e-04   2.3379919e-04
   2.4432478e-05   2.5300895e-05   2.4933947e-03   1.7573618e-05   5.9684898e-04   1.2549343e-04
   2.8403582e-05   5.7639556e-04   3.1076923e-03   1.8641200e-05   1.1245533e-04   8.8993500e-05
   6.0503839e-06   1.0121722e-04   6.8087900e-04   8.9810541e-06   3.3000390e-04   1.2193138e-04
   1.4070242e-06   7.5019703e-06   3.7794690e-03   1.8255616e-05   9.5916592e-05   1.0497039e-04
   1.4144073e-06   4.9426212e-05   3.7964147e-04   1.1421950e-05   1.1505259e-04   5.3744791e-05
   1.5628872e-03   8.0914967e-05   2.9585926e-02   6.8464865e-03   3.8302418e-06   1.1455578e-04
   1.4206482e-04   4.9123050e-04   8.3137122e-02   5.7835790e-04   2.3658235e-05   2.6719887e-05
   3.4819184e-04   7.6492568e-04   3.0572350e-02   1.9405607e-01   1.5617763e-05   3.1087165e-05
   2.3860329e-04   5.4282276e-05   7.4832814e-03   8.1793669e-02   5.3065991e-06   1.1099113e-04
   4.2637171e-04   4.8922044e-05   3.8518071e-03   1.2522002e-01   3.8158656e-05   1.1204063e-05
   9.0285151e-04   8.0825605e-05   2.3086926e-03   5.9540779e-03   2.3199156e-06   7.7880853e-05
   6.5725501e-04   5.5748992e-04   8.1389437e-04   4.5325867e-02   2.6248434e-06   1.0526287e-04
   1.5105482e-04   4.6044579e-04   1.6412169e-03   5.1473745e-03   1.0578602e-06   7.3164494e-05
   2.7253861e-04   1.5222771e-05   1.1071074e-04   7.9056103e-04   1.1714712e-05   5.8262713e-05
   4.5088735e-04   1.6178609e-05   7.9020990e-04   7.3872735e-03   2.1420917e-05   4.9540971e-05
   4.8184211e-05   1.2404673e-04   9.2675071e-04   2.1354288e-04   9.7103060e-06   2.8254341e-05
   3.7045828e-05   1.0301076e-04   2.0523825e-04   5.8546756e-06   2.4015526e-06   1.6277516e-05
   2.6961830e-06   2.6656742e-05   3.1018147e-04   9.2339565e-04   1.1010824e-05   1.3907370e-05
   4.2368352e-05   6.1980916e-04   1.3508893e-04   9.3888196e-05   4.5719595e-06   1.9867439e-05
   5.2461190e-05   5.0736880e-04   9.4462685e-05   5.6092408e-05   1.8859744e-06   3.0330733e-05
   1.7082231e-04   7.6055576e-05   3.0215368e-04   4.7469149e-05   1.9392940e-06   3.9630735e-05
   9.5737106e-05   2.8507587e-04   3.4397996e-04   1.3942798e-04   9.6501406e-07   2.5778161e-05
   1.5529589e-04   7.1128435e-04   3.2153416e-04   1.3221371e-04   1.3275350e-06   2.4379523e-05
   2.4946316e-04   6.2016812e-05   3.5079148e-04   8.5333640e-05   1.5509336e-06   4.2227728e-05
   8.1503491e-05   4.6681923e-04   3.8718300e-04   1.6220593e-04   2.3622721e-06   3.6808922e-05
   9.3125902e-06   4.8216964e-04   3.5038343e-04   2.0696416e-04   2.9923220e-06   1.7087033e-05
   3.5799390e-05   7.0164746e-05   2.4876160e-04   1.3469728e-04   2.9788689e-06   9.7623089e-06
   8.9292626e-06   2.1782723e-04   1.6259362e-04   8.3635141e-05   2.8778895e-06   8.5630590e-06
   3.2201450e-06   1.1107920e-04   1.7735437e-04   5.6724713e-05   2.3913380e-06   1.1383610e-05
   8.8029486e-07   1.6922377e-05   6.6627529e-05   3.5387007e-05   1.6213931e-06   1.6401592e-05
   8.0477844e-06   2.3522132e-05   9.4979343e-05   3.5465595e-05   9.7836147e-07   3.4039025e-05
   4.4715117e-06   1.9695285e-04   1.1324780e-04   4.9927444e-05   5.9515346e-07   2.4440930e-05
   1.8440735e-06   1.3261473e-04   1.6671202e-04   7.4649842e-05   5.5070726e-07   3.1108938e-05
   3.7475802e-06   1.5015215e-03   1.2793368e-04   9.6637216e-05   7.9530499e-07   2.5414270e-05
   2.5199506e-06   9.9695626e-04   1.6346897e-04   1.0499726e-04   1.1825031e-06   1.5446294e-05
   1.2157124e-06   6.3663266e-05   2.3631933e-04   1.0006346e-04   1.5458314e-06   1.1643364e-05
   8.9940011e-07   4.9583219e-04   2.3569570e-04   8.2370934e-05   1.7323855e-06   7.4483245e-06
   6.2507051e-07   5.1126861e-05   8.3455699e-05   5.7830680e-05   1.6783589e-06   4.3111893e-06
   8.4126224e-07   1.2404233e-04   4.4353224e-05   3.5401997e-05   1.4091840e-06   5.1763432e-06
   1.1989505e-06   3.4180349e-04   3.9674062e-05   2.1207799e-05   1.0173713e-06   8.1756635e-06
   1.6941412e-06   3.9800861e-04   9.1093509e-05   1.8228381e-05   6.3388275e-07   1.2092475e-05
   9.6315571e-06   1.5034483e-04   3.5171463e-05   2.5384831e-05   3.7351230e-07   1.4411679e-05
   2.9520515e-05   3.2622799e-05   7.2276076e-05   3.8223168e-05   2.9624936e-07   1.4745796e-05
   4.1942459e-06   9.6795694e-05   1.2421414e-04   5.0904269e-05   3.9361390e-07   1.3443162e-05
   1.1921081e-05   1.6005083e-04   1.2711230e-04   5.8218538e-05   5.9822312e-07   1.0551394e-05
   5.8100212e-06   7.9222127e-06   1.5791514e-04   5.7472017e-05   8.1389830e-07   7.1075903e-06
   1.7754337e-05   1.3995120e-04   1.1730217e-04   4.9093899e-05   9.5170019e-07   4.2416301e-06
   2.4487933e-06   3.9646243e-04   9.0411580e-05   3.6111951e-05   9.5983030e-07   2.6881880e-06
   4.7236963e-04   3.7265555e-04   4.2113324e-05   4.0504705e-05   8.3764286e-07   2.7727762e-05
   1.8789361e-03   1.5835110e-04   1.6051493e-05   2.0125556e-05   6.3016407e-07   4.4199772e-06
   6.3186313e-05   3.5683751e-05   5.6349468e-05   1.0587249e-05   4.0768822e-07   7.4738797e-06
   1.2231075e-04   1.5606870e-04   5.2577168e-05   1.4949278e-05   1.3093570e-04   1.3368351e-05
   5.6497042e-04   1.6251498e-04   3.2902341e-05   2.5245199e-05   5.4744214e-04   8.0060184e-06
   4.9208946e-04   1.8160703e-04   7.2907643e-05   5.3099524e-06   6.8067143e-04   6.6537136e-06
   2.6558511e-04   4.6808663e-04   8.4959291e-05   3.8020136e-05   7.1334775e-04   6.3522297e-06
   1.6833924e-04   4.0947585e-04   1.1162038e-04   5.3079648e-05   2.6108756e-04   4.1096698e-06
   5.5618880e-04   1.4065678e-04   9.1198251e-05   2.7736784e-05   3.7756631e-05   2.5495192e-06
   9.6822676e-04   3.3240367e-04   4.5596124e-05   1.9642018e-05   2.9269859e-04   1.6296970e-06
   2.0656963e-04   1.9239787e-04   2.8376355e-05   1.6162216e-05   3.3466642e-04   1.4417678e-06
   4.4964225e-04   9.0504794e-04   1.3856217e-05   9.2993648e-06   1.2065114e-04   2.1551297e-06
   2.7073575e-04   7.3315633e-04   7.5677890e-06   6.3826637e-06   1.4392439e-04   3.2270979e-06
   1.9514754e-04   1.2145489e-04   1.3275921e-05   6.7230991e-06   1.8464981e-04   4.2588726e-06
   3.9082359e-04   7.0044818e-05   2.6087422e-05   1.0578875e-05   6.3299400e-04   4.7046169e-06
   7.3417225e-05   2.6662842e-05   3.0371402e-05   1.5484127e-05   7.1206142e-04   9.8588674e-06
   4.5575213e-04   1.4824850e-04   2.2122433e-05   1.8140284e-05   3.3757718e-04   9.2176323e-06
   4.0445877e-04   1.1360002e-04   1.9431403e-05   1.4274165e-05   1.0471994e-04   4.3136638e-06
   5.6185823e-04   2.9311484e-04   3.7722724e-05   1.3419176e-05   3.3109421e-05   4.2094729e-06
   2.7555381e-04   1.2886511e-04   1.9133761e-05   1.2382941e-05   8.1177959e-05   7.3320043e-07
   2.7733544e-04   1.3875434e-04   1.3816730e-05   5.2234908e-05   7.7230659e-05   1.0040675e-06
   3.6565476e-04   4.0058133e-04   1.4936691e-05   3.2805446e-05   3.2470601e-05   1.4697117e-06
   8.0828319e-04   5.2319700e-05   9.9155274e-06   6.7531797e-06   9.4272418e-05   2.3357913e-06
   3.9297879e-04   3.0147246e-04   3.1145129e-06   9.5023867e-06   1.1354935e-03   2.7497370e-06
   1.7543458e-04   8.8844321e-04   1.3495302e-05   1.6099185e-05   5.3600532e-04   2.7429264e-06
   3.0262571e-05   2.3032848e-04   2.2757387e-05   2.8374023e-05   3.6867868e-04   2.8911033e-06
   3.2253685e-05   1.3290220e-03   3.9176479e-05   1.1576801e-05   6.9374632e-04   2.5721378e-06
   5.4724441e-05   2.2647812e-04   2.2973084e-05   6.1503487e-06   1.5387873e-03   1.8827608e-06
   7.7453051e-05   2.3141858e-04   3.1456218e-05   1.0882314e-05   6.8170302e-04   1.2153258e-06
   6.1850296e-05   2.1908273e-04   4.6558164e-05   3.3600350e-05   6.0216692e-05   6.9918508e-07
   6.1175724e-05   2.0859498e-04   3.9854201e-06   1.5671769e-05   2.1420330e-05   5.0776829e-07
   3.4759958e-04   3.5062118e-04   2.6526477e-05   9.9295731e-06   1.3701003e-04   6.4617405e-07
   6.9235851e-06   4.0666636e-04   2.8205228e-05   4.3036611e-05   7.7279183e-04   9.9017558e-07
   9.4003828e-05   1.0819822e-04   2.6451602e-06   1.9045210e-05   1.1553694e-03   1.3755694e-06
   1.1685762e-04   7.3876126e-05   3.1570303e-05   2.9669570e-05   5.6850386e-04   1.6358985e-06
   1.2673369e-04   2.8400826e-04   1.2208593e-05   1.0416044e-05   4.8627377e-04   1.6827269e-06
   1.2789467e-04   2.7143091e-04   2.7475042e-05   1.1847952e-05   6.3014623e-04   1.5028759e-06
   1.9085094e-05   9.2940146e-04   2.3464634e-05   4.5013552e-05   4.6299722e-04   1.1572044e-06
   1.0233712e-04   1.3754390e-03   4.6801345e-05   2.0287558e-05   6.2185641e-04   7.6539885e-07
   8.3236638e-06   3.8739759e-04   1.0836125e-05   1.9427222e-05   2.0983766e-03   4.5069440e-07
   1.3183826e-04   1.4584172e-04   2.3797036e-05   4.1924769e-05   3.9124323e-04   2.9722187e-07
   1.2903415e-04   1.1950911e-04   1.1381827e-05   3.4500815e-05   5.9110795e-04   3.2565947e-07
   1.0920003e-04   5.5302677e-05   1.2838896e-05   1.3194345e-05   2.0258200e-04   4.9161659e-07
   8.5426184e-05   5.6207138e-04   1.7271794e-05   3.7344989e-05   1.4234108e-03   7.0890462e-07
   2.2634136e-04   2.2360484e-03   4.4320440e-06   1.2474714e-05   6.7993418e-04   8.8366420e-07
   2.0431292e-04   4.3898476e-05   7.7941210e-06   3.2047294e-05   1.5320006e-03   9.4764858e-07
   2.0129659e-04   2.7435559e-04   2.0450088e-05   2.5453053e-05   6.1164118e-05   8.7899002e-07
   1.9303637e-04   8.3811035e-05   4.3220806e-06   6.8719301e-06   6.1630945e-04   7.0447112e-07
   3.7348175e-04   8.2210224e-05   1.7146407e-06   2.7423039e-05   8.6704241e-05   4.8520421e-07
   1.0942724e-04   2.3749059e-04   1.6344286e-05   2.6990768e-05   1.1439943e-05   2.9185256e-07
   1.2874239e-04   4.3554075e-05   2.7611886e-05   3.7786875e-05   6.5148145e-05   1.7909236e-07
   3.5792770e-04   4.2830861e-04   4.2148775e-06   3.7805845e-06   3.1053753e-05   1.6840648e-07
   1.5381509e-05   2.1296664e-04   7.4030181e-06   2.5184358e-05   1.1706314e-05   2.4416965e-07
   8.9564320e-05   3.9552442e-04   1.5746804e-05   3.6339362e-05   1.3732971e-06   3.6300439e-07
   1.4376002e-04   3.2231463e-05   5.9722300e-06   9.4683426e-06   1.9928202e-05   4.7173661e-07
   2.6712333e-04   8.0890737e-05   4.5242484e-06   7.0769971e-06   1.5969216e-05   5.2680110e-07
   5.7192538e-04   2.7739657e-05   8.2597143e-06   2.2178643e-05   7.3104780e-06   5.0824768e-07
   1.0136978e-03   1.6147835e-04   2.5137552e-05   2.5612718e-05   1.0127450e-05   4.2407864e-07
   9.6935962e-04   1.5247802e-04   1.2523083e-05   1.6508796e-05   6.3424913e-06   3.0446376e-07
   2.9964789e-04   4.0426902e-05   9.9679726e-07   1.1781459e-05   2.9237854e-06   1.8891828e-07
   6.1194308e-04   1.3623463e-05   5.5921556e-06   8.8629469e-06   2.1999553e-06   1.1162417e-07
   1.1808077e-04   2.5976522e-05   2.2955196e-06   2.3405032e-05   2.3948875e-06   9.0169640e-08
   3.1292284e-04   2.2646599e-05   1.3619559e-05   3.1486958e-06   1.2937690e-05   1.2123276e-07
   3.9769321e-04   3.1308340e-05   2.0560785e-05   1.4979309e-06   1.3569907e-05   1.8395660e-07
   9.9055683e-04   1.2418899e-05   9.7945388e-06   4.7364860e-05   9.7298090e-06   2.4902478e-07
   7.4380081e-05   3.3630172e-06   6.7607795e-06   1.8220945e-05   8.2839817e-06   2.8968843e-07
   1.1869665e-04   1.3661028e-05   3.9477580e-06   1.7625307e-06   4.5826506e-06   2.9072380e-07
   1.4190239e-04   1.3272243e-05   5.1972565e-06   1.0861564e-07   4.8570284e-06   2.5244620e-07
   1.2931376e-03   2.3751095e-06   2.8577531e-06   2.7175455e-06   1.5990756e-05   1.8892292e-07
   9.7150604e-04   1.6985142e-05   4.4918202e-06   1.7423779e-05   1.9558853e-05   1.2162521e-07
   2.9068069e-04   1.6758338e-05   3.9659016e-06   2.3649623e-07   3.3394448e-06   7.1202413e-08
   2.0845739e-04   1.0814612e-05   5.7133271e-06   4.6244014e-06   2.0974510e-06   5.0422862e-08
   3.1414855e-04   5.0982184e-06   1.7519423e-05   2.3746363e-05   2.5084628e-06   6.0596514e-08
   4.0676177e-04   2.2059902e-05   2.2552072e-06   2.3629549e-06   2.7509716e-06   9.2342308e-08
   1.7007583e-04   2.9017404e-05   9.6323221e-06   1.2971576e-05   3.6091376e-06   1.2996909e-07
   3.2839812e-04   1.0761495e-05   1.8864321e-05   8.0082862e-06   4.7562833e-06   1.5756828e-07
   6.8302578e-05   1.5755656e-06   1.3832273e-05   2.1123559e-05   3.6127772e-06   1.6452877e-07
   2.3471905e-04   3.1825339e-06   1.1155597e-05   2.2356047e-06   2.5230076e-06   1.4862961e-07
   2.8803925e-04   1.7404777e-05   1.2319694e-05   3.5837528e-06   6.9755223e-06   1.1590138e-07
   9.2525880e-05   1.9266298e-07   2.1433117e-05   4.4761686e-05   6.7106093e-06   7.7650618e-08
   1.0360168e-04   1.2852123e-05   1.3188726e-05   3.9904524e-05   2.1902442e-05   4.5980059e-08
   2.1928328e-04   5.0282853e-06   1.7164545e-05   3.0667230e-05   5.1533146e-05   2.9514370e-08
   1.6942679e-04   1.3190254e-05   3.4526771e-06   7.1664574e-07   1.0147403e-04   3.0786827e-08
   8.9644390e-04   2.2565093e-05   5.8068538e-06   7.5336218e-07   7.0826326e-05   4.6012016e-08
   7.5640530e-04   9.2278350e-06   1.0630798e-05   6.2549049e-07   1.3905385e-05   6.7067270e-08
   3.7294878e-04   1.4118648e-06   7.8446251e-07   3.2073926e-07   8.2972495e-05   8.4761043e-08
   1.3050371e-03   8.1341532e-07   1.0029581e-05   4.0868996e-06   1.7224521e-05   9.2120469e-08
   9.2159941e-05   2.1912141e-05   2.4068719e-07   2.6840417e-05   1.2335869e-05   8.6559712e-08
   8.3416361e-04   7.8861929e-07   1.1122286e-06   1.8380847e-05   2.2841274e-05   7.0299578e-08
   1.3999085e-05   5.7608614e-06   4.9070871e-06   2.0324903e-05   1.0312669e-05   4.9080905e-08
   1.8420478e-04   7.1404988e-07   2.4686648e-05   6.1209423e-06   4.5559416e-06   2.9799430e-08
   4.3135797e-04   6.9561970e-07   2.3628171e-06   2.1963013e-06   4.5429722e-06   1.7995275e-08
   6.8013025e-04   5.2899845e-06   7.1944857e-06   1.5275156e-06   2.7262985e-05   1.6080420e-08
   7.9148140e-04   1.4608343e-05   1.2426841e-05   3.6845422e-07   8.5223987e-06   2.2837680e-08
   1.6972860e-03   1.1438932e-06   7.4989919e-07   4.9800011e-07   2.3225343e-05   3.4227996e-08
   1.0884853e-03   8.7356438e-06   1.0559308e-05   3.2353028e-07   2.5210976e-05   4.5086689e-08
   3.5817106e-04   1.4559499e-06   6.5955103e-08   6.7595222e-08   2.7887157e-05   5.1027006e-08
   7.0946062e-05   2.2591522e-07   1.5855513e-06   2.3340465e-07   1.4514437e-05   4.9870766e-08
   1.5857182e-04   4.8884021e-07   2.0242819e-07   2.4197301e-07   6.1834573e-06   4.2162300e-08
   3.7526836e-04   4.2961906e-06   1.5033228e-05   1.8236751e-07   1.9841234e-05   3.0686347e-08
   6.3305672e-05   1.0398924e-05   7.7601519e-07   1.1536792e-07   1.1707117e-05   1.9263363e-08
   1.7555331e-04   9.9427862e-07   1.4417896e-06   6.3023838e-08   1.0543928e-05   1.1316114e-08
   1.3378759e-04   3.9558704e-06   6.8830895e-06   4.3561403e-08   1.2068302e-05   8.7275734e-09
   6.1584562e-04   1.3977972e-06   2.5629501e-05   3.1685326e-08   6.5233519e-06   1.1353615e-08
   5.0906557e-04   1.8591290e-07   2.1784387e-06   2.8437035e-08   1.1316243e-05   4.3679788e-06
   3.9666679e-04   1.1436098e-06   5.7567035e-07   3.6039754e-08   3.6203376e-06   1.2636519e-05
   3.9353680e-04   5.3626894e-07   5.7763894e-06   5.1555341e-08   3.8558657e-06   7.3533541e-07
   3.4362238e-04   1.4709434e-07   2.1139521e-05   7.0031486e-08   1.0523337e-06   3.2169418e-06
   7.0246554e-04   1.4544655e-07   1.2172524e-06   8.0058040e-08   1.9778072e-06   2.0456721e-05
   1.5109887e-04   1.3918408e-05   1.7042490e-06   7.7159274e-08   1.8617128e-05   1.1499268e-05
   6.1744909e-04   2.0225034e-05   3.4698731e-06   6.3959979e-08   1.8302154e-06   1.9548294e-06
   6.8009501e-03   4.6728346e-06   1.1424628e-05   4.5331794e-08   1.1519620e-05   3.8313247e-06
   1.5162677e-02   2.0329948e-06   6.0436148e-07   2.7896150e-08   9.9079170e-06   1.9996919e-05
   1.8968866e-03   1.4103597e-06   1.0576737e-05   1.6642437e-08   1.4347882e-05   2.6964768e-06
   6.9174240e-04   6.3810732e-07   2.3819754e-05   1.3675687e-08   8.2649783e-06   2.3583170e-05
   5.3374163e-05   3.4998453e-07   7.4272799e-06   1.8415049e-08   9.7242583e-06   1.9714543e-05
   9.8173449e-04   3.2237150e-07   5.0086867e-07   2.7799044e-08   1.6738040e-05   6.8342705e-06
   4.4341662e-05   1.7820657e-07   2.9939008e-06   3.7530638e-08   9.2677379e-07   2.3727883e-05
   6.4496157e-04   1.8909459e-07   3.2851160e-07   4.3593958e-08   2.3275086e-05   2.5646713e-05
   7.2233399e-04   2.0031042e-07   1.7816315e-06   4.3659175e-08   4.0391542e-06   1.7840988e-06
   7.7758271e-04   2.1630378e-07   1.5362459e-05   3.7808837e-08   1.8304478e-05   5.7569935e-06
   8.8679843e-04   2.7128428e-06   7.1154421e-07   2.8204940e-08   1.4172097e-05   1.1036705e-05
   5.6432260e-04   1.2402971e-05   2.9088475e-06   1.8100710e-08   9.1921803e-06   3.6088806e-06
   2.7862155e-04   1.3544337e-05   5.0192707e-07   1.3165112e-03   1.2741563e-05   3.0760443e-05
   1.1585180e-04   3.3114941e-06   2.2214805e-07   3.5134326e-03   9.2879485e-06   2.3833591e-05
   5.3189110e-04   1.9008740e-06   1.5697545e-05   8.5216115e-05   1.0629299e-05   2.1505862e-05
   8.3777908e-04   4.0285967e-07   5.1399118e-07   1.9179873e-03   1.5762788e-05   1.9478076e-05
   6.3496705e-04   6.5679623e-07   3.8991734e-06   1.0790187e-04   2.6313963e-06   5.6647717e-06
   1.1300597e-04   2.6239454e-07   1.2361687e-07   2.5541647e-04   2.7996246e-07   2.6981606e-05
   2.2581265e-04   1.7695477e-07   1.3120443e-07   1.3792337e-04   5.1974541e-06   1.0061492e-06
   5.8236709e-05   9.2456916e-08   5.8939270e-07   2.4460518e-04   2.3653744e-05   2.4890282e-05
   6.6051562e-05   2.8392139e-07   9.7192515e-08   1.3705891e-04   3.3760045e-05   1.8542138e-05
   6.5444226e-05   2.9178408e-07   1.2980712e-05   2.6365410e-04   1.3932838e-06   1.9028904e-06
   4.3358017e-04   1.3822697e-07   8.0479259e-07   3.6728838e-04   1.2240949e-06   2.2272548e-05
   3.9224843e-04   1.0985906e-07   2.0544050e-06   7.0937117e-05   1.1933911e-05   3.8634650e-06
   4.6435221e-05   8.1642500e-08   1.4831247e-07   6.6598450e-05   4.4495181e-07   2.9601437e-05
   1.3449957e-04   4.6798812e-08   5.8465543e-07   2.3592637e-06   5.8812422e-06   3.2924592e-05
   3.0622976e-05   3.4278969e-08   3.8654466e-06   6.5675140e-06   2.3137869e-05   1.0621963e-05
   8.8327723e-06   2.0657014e-05   1.5887984e-05   7.1132458e-06   1.9217880e-05   4.5945187e-05
   1.5477857e-05   1.2228643e-05   5.3860982e-07   9.8873772e-08   1.6450011e-05   3.2731285e-05
   9.9714185e-05   1.0405744e-06   3.1001959e-05   1.6758369e-07   6.3032967e-06   1.3679027e-04
   2.2391288e-04   1.9695592e-06   1.7076175e-06   1.5221870e-06   8.1006334e-06   2.0274375e-05
   1.7288373e-04   9.0753246e-08   1.3113862e-06   3.1050757e-07   1.4749167e-05   9.3477992e-05
   4.2426611e-04   1.2496495e-07   7.3952077e-07   5.8451519e-08   6.2366874e-06   8.6728512e-06
   3.0936747e-04   5.6027028e-06   6.1858385e-08   3.3086757e-07   1.5126991e-05   1.8633415e-05
   2.1726049e-03   2.2989262e-06   5.4587095e-06   1.1250071e-07   1.0210748e-05   2.8948989e-06
   2.8737363e-04   1.9764399e-05   1.2551384e-05   5.7590414e-08   1.3123486e-05   1.2208639e-05
   1.0371839e-03   1.5174269e-05   1.0655668e-05   5.2123319e-08   7.5157729e-06   1.6116019e-05
   1.8000884e-04   2.3488542e-05   2.1568084e-06   9.3985189e-08   9.9944170e-06   4.3195029e-05
   1.5046009e-04   1.6674102e-05   1.6841469e-06   1.5420854e-07   1.2719604e-05   3.9465455e-06
   1.1143140e-04   2.8059105e-05   3.3362831e-07   1.6188974e-07   8.0774200e-06   1.9577823e-06
   1.1918195e-04   3.2745260e-05   5.8152006e-07   1.8934521e-07   3.2426116e-05   4.4567383e-05
   6.2530055e-04   4.2667152e-05   2.1820076e-07   1.8859541e-07   1.5266727e-05   1.1598424e-05
   1.3728715e-04   1.8656033e-05   5.6349125e-08   1.4689836e-07   8.1102112e-07   5.8194536e-07
   5.2935110e-04   2.1212816e-05   3.6477114e-08   5.2144108e-06   1.2207880e-06   5.3843556e-07
   7.0943759e-04   1.5435536e-05   3.9934509e-08   2.0736295e-05   4.1121142e-07   1.4521987e-05
   1.0967583e-03   1.9753071e-06   1.5290129e-08   1.1044619e-06   1.0725367e-05   3.1725283e-07
   1.9946792e-04   2.7295982e-06   1.2674176e-05   1.3745183e-06   5.8434852e-06   1.0567573e-05
   3.0196214e-04   1.8568163e-07   4.0097537e-07   5.1879027e-07   1.2865964e-06   1.0881808e-05
   2.1392072e-04   5.3311510e-07   2.3669809e-06   1.3567037e-07   9.6854250e-06   6.7725276e-06
   2.1174046e-04   5.5960606e-07   1.9561492e-07   2.7067462e-07   9.2789374e-06   1.0570605e-05
   4.9246539e-04   3.2738801e-07   5.5611943e-07   4.3526238e-07   2.6880896e-06   7.3683496e-06
   5.3293690e-04   1.0638547e-07   5.5114785e-08   1.3979751e-07   7.8233470e-07   7.2761568e-06
   1.0187166e-04   7.9282652e-08   7.6271054e-08   5.4113452e-08   1.6189540e-06   1.4835327e-05
   4.1724249e-04   7.0576436e-08   1.3447710e-07   6.5390957e-08   8.3503705e-07   1.6552580e-05
   1.3229217e-05   4.1288564e-08   1.0058855e-08   4.3934271e-08   5.2252904e-06   9.5315141e-06
   8.6393929e-05   2.4984348e-08   8.8065442e-09   2.1040838e-05   2.0173586e-05   2.1649044e-05
   1.9945886e-05   1.7869349e-08   1.1594090e-08   1.2726037e-05   4.8715165e-06   9.9542267e-07
   1.6181773e-04   1.6928082e-08   1.7792981e-08   9.1928337e-07   6.0435742e-06   5.2298643e-06
   3.0941492e-04   3.0927624e-08   1.3469210e-08   1.8373750e-06   1.5992542e-05   1.1784378e-05
   8.6804132e-04   4.4382847e-08   1.2994316e-08   7.7368213e-08   1.4631875e-06   7.4535089e-06
   6.9681126e-04   5.0826590e-08   4.9575211e-06   1.1760993e-07   4.5445359e-07   1.1899549e-05
   2.1861333e-05   4.8787292e-08   3.9451755e-05   1.7606161e-07   8.9906984e-06   2.5057527e-05
   2.2440904e-04   3.9368740e-08   1.5693333e-05   2.1995174e-05   9.6546536e-06   1.0825025e-05
   5.1087588e-05   2.8270604e-08   7.2703171e-06   1.3192101e-05   1.0299322e-05   9.7498546e-06
   2.3718418e-05   1.8145367e-08   1.2305698e-05   6.2995095e-07   4.8078558e-06   1.5932734e-05
   1.5719282e-04   1.0867505e-08   3.6984237e-06   1.4215150e-06   1.2362819e-05   8.3018351e-06
   1.8298227e-04   8.3079764e-09   1.6661406e-06   4.7909525e-08   1.3484060e-05   1.1470147e-05
   1.5446782e-04   1.0561682e-08   3.3338593e-07   1.0976177e-07   1.5164172e-05   4.0241934e-06
   2.8169520e-04   1.6123726e-08   5.0877977e-07   1.3498051e-07   1.3727220e-05   1.1212161e-05
   1.6552452e-05   2.2285294e-08   5.0998044e-07   4.2636410e-08   8.2145383e-06   9.0984505e-07
   1.3312020e-03   2.6372059e-08   5.4279855e-08   1.8391143e-08   8.7483151e-06   2.2630021e-06
   4.1716592e-04   2.6848852e-08   1.1635663e-07   3.2348563e-08   5.2584587e-07   2.4650430e-05
   2.7760988e-05   2.3612579e-08   6.6753361e-08   4.2069992e-06   1.3450149e-05   2.9604972e-05
   1.5876416e-04   1.7902634e-08   3.0665880e-08   2.5280263e-06   3.6850815e-06   2.5499136e-06
   1.0390272e-04   1.1683076e-08   4.3569692e-09   3.0325498e-06   1.3640890e-05   6.6026995e-07
   6.2516374e-05   6.8601254e-09   9.5158361e-09   1.4803545e-05   9.7333110e-06   6.8808501e-07
   3.3735838e-05   4.6771859e-09   1.3486669e-08   3.8950533e-05   5.4501639e-07   6.4838800e-06
   6.9305126e-05   5.3584694e-09   8.6419136e-09   2.6427410e-05   7.3093117e-06   2.9037764e-05
   2.4033805e-06   8.1315988e-09   9.7771426e-09   5.7870995e-06   1.6206755e-05   2.9237131e-05
   2.9072453e-04   1.1595120e-08   8.6431192e-09   7.3391927e-06   1.6161409e-05   2.3577602e-05
   2.4590547e-04   1.4266678e-08   4.1880851e-06   1.1684737e-05   7.6320865e-06   6.2200721e-07
   3.2042778e-05   1.5108425e-08   2.1186737e-05   2.9247313e-05   1.4359849e-05   3.7280724e-07
   1.3805689e-04   1.3838607e-08   8.5329901e-07   1.8599424e-05   3.6447768e-06   3.0229773e-07
   5.1832226e-04   1.0946542e-08   1.6882489e-05   2.4831636e-05   9.9514952e-06   4.2191652e-06
   4.1422468e-04   7.4397948e-09   8.1611122e-07   2.0399380e-05   6.4330955e-06   1.3118834e-05
   1.1599783e-05   4.4388068e-09   3.1632411e-06   3.2669539e-05   1.3728699e-05   1.2164021e-05
   4.0019847e-05   2.7773470e-09   5.3380061e-07   4.7185220e-05   1.2094885e-05   2.5984580e-06
   6.8439349e-05   2.7451725e-09   2.3335311e-07   1.4963033e-05   1.1485508e-05   5.9193499e-06
   5.6897757e-06   4.0457576e-09   1.1130686e-07   1.0244602e-05   4.8086410e-06   1.9140546e-05
   8.1159410e-05   5.9610999e-09   1.4306667e-07   7.6709716e-06   1.2737837e-05   6.4425414e-06
   1.0561778e-04   7.6445530e-09   1.8060657e-07   1.7570909e-05   1.1798044e-05   7.3157239e-06
   6.9427084e-06   8.4268972e-09   2.7536079e-09   8.2819651e-06   9.7975962e-06   5.4711448e-06
   1.3115991e-04   8.0283517e-09   2.1167845e-08   1.7622308e-05   7.5129088e-06   6.8295507e-06
   2.6937023e-04   6.6131905e-09   2.8776064e-08   2.5036124e-05   1.5988026e-05   9.8096880e-06
   1.0163874e-04   4.6850033e-09   8.2303716e-09   1.7303102e-05   1.1614026e-05   2.3514795e-05
   1.2371267e-04   2.8759143e-09   7.3909715e-09   3.1662424e-05   3.3830802e-06   1.6330415e-05
   2.2204366e-04   1.7140046e-09   6.3869292e-09   1.3598710e-05   1.2981326e-05   1.7018930e-05
   5.1470054e-04   1.4516764e-09   3.8715766e-09   4.1547343e-05   1.3737509e-05   1.6906189e-05
