   4.0893180e-07   7.4091977e-08   2.2610210e-10   3.0482800e-08   4.6328728e-08   8.9512486e-08
   4.0769313e-07   1.0149635e-07   2.2465202e-10   3.0573950e-08   2.9029620e-08   6.6014258e-08
   6.7227032e-08   6.1253466e-08   1.4070540e-10   1.9809999e-08   1.1511530e-08   8.7121735e-08
   3.2881402e-08   1.1124950e-07   5.5755772e-11   8.1249726e-09   9.1664008e-09   3.8974425e-08
   3.4054375e-08   9.1229856e-08   4.4492696e-11   5.7302711e-09   2.1484768e-08   1.4470076e-08
   4.2489689e-09   2.5397913e-08   1.0428548e-10   1.3354617e-08   3.4083251e-08   2.3928034e-08
   1.1363213e-08   1.9546843e-08   1.6536049e-10   2.1859448e-08   3.3813933e-08   5.4429769e-08
   6.6041738e-09   4.0167874e-08   1.6395111e-10   2.2453684e-08   2.1142316e-08   7.0243315e-08
   1.3454082e-08   7.9945192e-08   1.0245193e-10   1.4513420e-08   8.3693720e-09   1.7519564e-06
   2.5944480e-06   7.7857670e-08   4.0545113e-11   5.8618420e-09   6.7192471e-09   3.6922789e-05
   1.7717460e-05   5.0317390e-08   3.2617700e-11   4.1838493e-09   1.5748606e-08   2.0419318e-05
   4.0313071e-06   2.1841859e-08   7.6447280e-11   9.7778785e-09   2.4928552e-08   5.1142646e-07
   3.9117323e-07   1.4331240e-08   1.2093567e-10   1.6029531e-08   2.4676591e-08   4.3094058e-07
   9.1897109e-07   3.3060577e-08   1.1965037e-10   1.6369408e-08   1.5393925e-08   2.0830520e-05
   1.7339352e-08   5.4413270e-08   7.4597551e-11   1.0565139e-08   6.0863565e-09   2.8621372e-05
   8.3497897e-08   5.7434771e-08   2.9484375e-11   4.2664817e-09   4.9260746e-09   3.0446334e-05
   1.9995836e-08   3.7831400e-08   2.3912750e-11   3.0676909e-09   1.1544583e-08   1.4036521e-05
   2.5033120e-06   1.5412178e-08   2.0538382e-06   7.1688708e-09   1.8231079e-08   2.2252752e-05
   2.8688745e-05   1.0340927e-08   1.7922914e-05   1.1721433e-08   1.8008755e-08   3.4414881e-05
   9.4284852e-06   2.4035727e-08   2.3243485e-05   1.1950356e-08   1.1208579e-08   1.0414356e-05
   2.2661346e-06   4.0235615e-08   8.2249697e-06   7.6939312e-09   4.4260145e-09   2.8605909e-05
   1.4120652e-05   4.1768683e-08   9.6284754e-06   3.1018325e-09   3.6114754e-09   3.2871189e-05
   1.3907628e-05   2.7478403e-08   3.5495019e-05   2.2478765e-09   8.4626805e-09   4.6908713e-06
   1.6402967e-05   1.1253767e-08   1.2345770e-05   5.2560732e-09   1.3332992e-08   1.6502881e-06
   8.9433041e-06   7.5896782e-09   2.5429961e-05   8.5738337e-09   1.3142419e-08   6.9362883e-07
   1.7711143e-05   1.7632493e-08   2.9250422e-05   8.7221849e-09   8.1610558e-09   3.1256639e-07
   7.9732215e-06   2.9395415e-08   8.1036912e-06   5.6030053e-09   3.2186592e-09   1.6243960e-07
   1.2400873e-05   3.0510313e-08   1.0982789e-05   2.2554158e-09   2.6477734e-09   2.3258947e-06
   3.9675934e-06   2.0015569e-08   1.5227130e-05   1.6473509e-09   6.2034414e-09   7.7220750e-06
   1.4372261e-05   8.1780927e-09   2.6827351e-05   3.8535020e-09   9.7507480e-09   3.0820304e-05
   1.6926528e-05   5.5585898e-09   2.8145185e-06   6.2712064e-09   9.5909791e-09   2.3412750e-05
   4.1234003e-05   1.2929015e-08   1.3281306e-05   6.3661893e-09   5.9420609e-09   2.4401849e-06
   1.6535200e-06   2.1506096e-08   1.5916897e-05   4.0802313e-09   2.3406804e-09   8.1269843e-07
   3.1591741e-06   2.2268589e-08   9.6595243e-04   1.6399557e-09   1.9412788e-09   6.4174131e-03
   3.9066308e-07   1.4577501e-08   2.1900880e-03   1.2072823e-09   1.7107862e-05   3.7011093e-03
   2.1893860e-07   5.1880855e-06   1.6357241e-04   4.7368580e-06   2.5434216e-05   1.4563752e-02
   3.6078646e-07   1.3386401e-05   6.7198044e-05   1.3361673e-05   7.8438121e-06   9.3971689e-02
   2.7298488e-08   1.3587893e-06   1.8175958e-04   1.2079621e-06   7.6061636e-07   1.4462792e-01
   1.7064403e-08   1.4275809e-06   3.2011825e-04   2.7225347e-05   6.0369696e-07   3.9099922e-02
   7.9353325e-06   2.1233824e-07   5.7844398e-04   4.4718041e-06   1.5609518e-07   1.4516900e-02
   6.9102948e-07   2.8068568e-07   1.3817762e-05   1.4029073e-05   3.8813504e-07   3.0926610e-02
   1.7254068e-06   8.1154223e-08   3.5939550e-04   1.3424985e-05   1.2850113e-08   3.1363273e-03
   2.2950850e-05   2.1034235e-08   2.4643695e-04   9.0680295e-06   4.5718807e-08   1.1079978e-03
   3.3914544e-05   1.7852130e-07   1.8505438e-04   8.4472261e-06   9.6058247e-08   4.9560248e-03
   2.1189390e-05   7.1418501e-09   3.6690435e-05   1.1104946e-05   2.2941109e-08   7.2442537e-04
   1.1160708e-05   1.9996491e-08   4.1155237e-04   8.8734270e-06   1.9860967e-08   7.6983944e-05
   2.5828431e-06   1.7540331e-08   3.3739911e-04   5.2799940e-06   2.4175156e-08   2.5785343e-04
   5.9470453e-07   1.8899109e-08   4.9017363e-04   5.5062806e-06   6.7063869e-08   3.4712032e-04
   3.4751689e-07   2.1233151e-08   2.0140237e-04   1.5419687e-05   2.8523765e-06   8.4397192e-05
   2.1965839e-07   2.6919485e-08   5.6699845e-05   1.6277202e-05   1.7131997e-05   3.0128080e-06
   9.6343327e-08   1.8660246e-06   2.4756890e-04   1.2222015e-05   1.5116722e-06   1.3309169e-04
   5.3340543e-08   1.7767762e-05   7.5501378e-04   7.4405474e-07   1.2137702e-05   7.5044491e-06
   1.1130276e-08   2.5256041e-05   1.7251315e-03   1.0182441e-05   1.3633315e-05   5.0090179e-05
   6.9212428e-08   3.6189660e-05   2.9255064e-03   3.5617690e-06   8.6479697e-06   2.5387394e-05
   7.7214671e-08   1.7078049e-05   6.6861392e-04   9.3577404e-06   9.6640138e-06   4.0784795e-05
   2.5100328e-08   1.4842617e-05   1.5056861e-04   7.7885914e-06   7.5335385e-06   3.6994158e-05
   1.5226832e-08   4.6166776e-06   2.1972265e-03   8.6128441e-06   3.5893858e-06   1.1377154e-05
   1.1914785e-08   1.0712194e-06   7.0223873e-03   8.4734290e-06   1.1796417e-05   6.6168876e-06
   3.0542831e-08   5.6708264e-07   4.5691750e-03   8.5392982e-06   8.6778143e-06   8.2846925e-06
   4.1005271e-08   3.0002780e-07   6.7991837e-02   1.1256783e-05   1.1259364e-05   4.4613768e-05
   4.1629726e-08   6.4953432e-08   1.2186503e-01   1.1837014e-05   7.2227442e-06   7.7089831e-05
   2.7240355e-08   4.0451578e-09   1.1924522e+00   9.3648130e-06   8.5470567e-07   5.0255710e-05
   1.0151812e-08   3.1165120e-08   1.5912719e-01   1.0751748e-05   1.1631148e-05   1.6576723e-05
   8.5962793e-09   8.8443122e-08   2.9023460e-01   8.6831829e-06   3.1615144e-06   7.2311530e-06
   1.9809756e-08   2.7473047e-08   2.9567558e-02   7.4522121e-06   6.2000262e-06   8.0216579e-06
   3.1723207e-08   2.1675253e-08   8.7843630e-02   3.0312383e-06   1.2890839e-05   1.8292322e-05
   3.0888275e-08   1.5838149e-08   7.2863523e-02   1.3019824e-05   3.0620306e-06   2.4547027e-05
   1.8971255e-08   8.5182898e-09   9.0370729e-02   4.6453662e-06   1.0278691e-05   1.5939087e-05
   7.5153293e-09   1.8705924e-08   4.5892553e-02   8.1722058e-06   1.0176390e-05   7.1283929e-06
   6.2990911e-09   2.6259316e-08   2.8860336e-02   7.2519643e-06   8.9377955e-06   3.6739318e-06
   1.4757063e-08   3.1628166e-08   4.0941510e-02   3.2381389e-06   1.4353420e-05   7.6962384e-06
   2.2999179e-08   1.9539031e-08   1.7275465e-02   2.6756158e-06   8.8273297e-06   1.4318540e-05
   2.2533804e-08   7.4970457e-09   1.3085131e-01   9.6041966e-06   9.1589952e-06   1.6203445e-05
   1.3885133e-08   5.4014002e-09   1.1434167e-02   1.3565084e-05   5.4274757e-06   1.1939672e-05
   5.4487130e-09   1.3053466e-08   1.4748969e-01   4.8337961e-06   1.3253934e-05   5.3399841e-06
   4.6130328e-09   2.1599257e-08   8.1711016e-02   1.7728768e-06   1.6863892e-06   2.6628144e-06
   1.0799280e-08   2.1600677e-08   6.5519481e-02   9.8472351e-06   3.1625468e-07   5.6019880e-06
   1.6841685e-08   1.4098690e-08   3.3657209e-02   1.7623842e-06   6.9796815e-06   1.0419355e-05
   1.6439753e-08   5.7176621e-09   6.0513196e-03   2.0614769e-06   1.7837086e-05   1.1943750e-05
   1.0103902e-08   4.0954132e-09   1.7401581e-03   1.4270533e-05   1.5948108e-06   8.6597300e-06
   3.9645172e-09   9.5247997e-09   2.8022028e-04   2.7816644e-05   1.1847760e-06   3.8721265e-06
   3.3832412e-09   1.5587823e-08   1.9343782e-03   4.1798829e-07   4.0418875e-06   1.9427687e-06
   7.9169550e-09   1.5939543e-08   4.2793607e-03   2.1339122e-06   1.4701319e-05   4.1223133e-06
   1.2313999e-08   1.0250823e-08   2.9651984e-03   6.8653386e-06   8.1671791e-07   7.6282831e-06
   1.1997540e-08   4.1343868e-09   1.9161220e-03   1.5696731e-05   1.5478165e-06   8.7110212e-06
   7.3566000e-09   2.9897512e-09   6.9810922e-04   8.5902512e-07   4.5700197e-06   6.3155132e-06
   2.8830602e-09   6.9947903e-09   7.2775688e-04   1.2004176e-06   1.8237642e-05   2.8158057e-06
   2.4806742e-09   1.1415253e-08   1.5088955e-03   1.4811102e-07   1.5112995e-06   1.4204646e-06
   5.8030051e-09   1.1616854e-08   2.2921364e-03   1.8884215e-07   5.1030566e-07   3.0226478e-06
   9.0052199e-09   7.4691431e-09   2.3386954e-03   4.8353246e-08   3.0705650e-07   5.5830964e-06
   8.7548812e-09   3.0077173e-09   1.4911513e-03   2.1193307e-06   9.7839385e-06   2.8748631e-06
   5.3559886e-09   2.1920496e-09   6.3379587e-04   1.3647840e-05   1.8646686e-05   1.1100289e-05
   2.0967917e-09   5.1266017e-09   4.4278430e-04   1.2999143e-06   4.5727851e-06   3.9407428e-06
   1.8190180e-09   8.3488970e-09   1.3601528e-03   1.8683950e-06   9.6437448e-07   2.7940949e-06
   4.2534926e-09   8.4805392e-09   1.6783536e-03   1.3738443e-07   4.6680693e-07   1.4549946e-06
   6.5852858e-09   2.4977626e-06   1.9221940e-03   5.9802614e-07   1.6431944e-07   4.3458454e-06
   6.3886645e-09   1.7822196e-05   1.2570831e-03   1.7083463e-08   6.2706622e-08   5.7137640e-06
   3.8994023e-09   2.5771161e-05   3.0768693e-04   1.2324832e-07   5.9085302e-08   3.3181710e-06
   1.5249617e-09   1.7260099e-05   4.3048681e-04   1.7370715e-07   1.6168350e-05   1.7952586e-06
   1.3338629e-09   2.8022050e-05   1.0548313e-03   3.1082344e-08   1.2186030e-05   8.6588683e-07
   3.1176966e-09   9.4787874e-06   1.3255451e-03   1.1151183e-08   2.0958440e-05   1.6720692e-06
   4.8156133e-09   1.3905818e-05   1.1236537e-03   2.6633312e-08   1.8717666e-05   2.9688120e-06
   4.6619171e-09   4.5561656e-06   7.5631568e-04   1.0293969e-07   2.0977112e-06   3.6152632e-06
   2.8389100e-09   2.0438832e-05   3.3120697e-04   5.8342388e-08   5.4686171e-07   2.7818977e-06
   1.1090966e-09   1.7866388e-05   2.8094998e-04   3.4521620e-08   1.7276480e-05   2.1561842e-06
   9.7812748e-10   1.1705579e-05   5.6998656e-04   1.8645497e-08   1.1249980e-05   2.9646111e-05
   2.2851619e-09   2.5110253e-05   1.0314943e-03   1.5361397e-08   1.1601293e-05   7.4189139e-06
   3.5214702e-09   1.9891258e-05   1.0598627e-03   3.3681614e-08   1.7980447e-05   1.2584168e-05
   3.4018467e-09   4.7279213e-06   6.5050790e-04   4.7443727e-08   3.4586748e-05   9.9356744e-06
   2.0668082e-09   2.8557305e-05   2.8359275e-04   4.9701093e-08   1.7516832e-05   2.9433347e-05
   8.0665191e-10   1.0947091e-05   1.7900240e-04   2.9612000e-08   3.8012315e-06   5.5277513e-06
   7.1728078e-10   5.6118257e-06   3.3917343e-04   1.1197421e-08   9.6978421e-07   1.7807009e-05
   1.6749244e-09   2.0648372e-05   5.3955205e-04   1.0115270e-08   5.1201818e-07   5.8523356e-07
   2.5750875e-09   2.7839131e-06   5.5286459e-04   4.3895331e-06   1.6848443e-07   1.3080613e-05
   2.4823355e-09   4.3757810e-07   2.8135565e-04   1.2620723e-05   5.7036751e-08   1.3322976e-06
   1.5046787e-09   6.2267890e-07   1.7523667e-04   1.1211197e-06   1.3810673e-06   2.8369565e-05
   5.8669122e-10   1.7565595e-08   1.7719343e-04   1.4168721e-06   2.9645308e-05   2.9286532e-06
   5.2600791e-10   6.3819150e-08   4.5636284e-04   2.3091957e-07   1.8585419e-05   1.8056959e-05
   1.2276328e-09   1.2493993e-08   5.4226182e-04   4.5663084e-07   1.7541041e-06   9.6279913e-06
   1.8830225e-09   1.6790947e-08   4.5757451e-04   2.1300011e-08   1.0884144e-06   2.1896871e-05
   1.8113477e-09   1.4058421e-08   2.3180372e-04   3.9463508e-06   2.1241420e-06   3.0264397e-05
   1.0954244e-09   2.3462565e-09   8.5982365e-05   1.1245632e-05   2.8846615e-05   4.4350992e-05
   4.2671685e-10   4.1240167e-09   1.1752595e-04   1.2084185e-06   1.5656234e-05   4.0332825e-05
   3.8574873e-10   1.4648950e-09   2.9740296e-04   1.2414857e-06   4.2905333e-06   1.6836066e-05
   8.9978107e-10   4.7969040e-09   3.0356384e-04   2.5140584e-07   2.8878813e-07   2.2393449e-05
   1.3769386e-09   4.5344883e-09   2.1617654e-04   1.5439972e-06   7.9832082e-06   2.5229534e-05
   1.3217178e-09   5.9279377e-09   2.0903197e-04   1.7401469e-05   1.3173174e-05   9.7098784e-06
   7.9747316e-10   5.0280248e-09   5.4418553e-05   1.8358213e-05   9.4161599e-06   1.8133362e-05
   3.1036800e-10   1.8090129e-09   7.5625404e-05   2.5555543e-06   2.0317956e-05   1.8479448e-05
   2.8289527e-10   9.9514346e-10   1.5136338e-04   5.8238489e-07   1.2684058e-05   3.6581605e-05
   6.5947798e-10   2.1248214e-09   3.7303019e-04   7.9264458e-08   2.1224125e-06   4.9093693e-05
   1.0068602e-09   4.1583025e-09   3.8553030e-04   1.0354424e-05   1.7511530e-07   2.2780106e-05
   9.6443118e-10   4.5257985e-09   1.7734082e-04   1.6140172e-06   6.6867835e-07   1.2587068e-05
   5.8055689e-10   3.1915846e-09   1.0830630e-04   3.2243227e-06   8.1132743e-06   2.2094115e-05
   2.2574659e-10   1.4375945e-09   6.0920021e-05   6.1102849e-07   1.2584575e-05   3.3615389e-05
   2.0747018e-10   7.4978793e-10   1.6317403e-04   1.9764984e-06   6.0243615e-06   3.2466058e-05
   4.8334672e-10   1.6341581e-09   1.3744504e-04   1.9815369e-05   9.7367850e-06   3.4048308e-06
   7.3623993e-10   2.9412276e-09   1.2249814e-04   1.0107341e-06   1.7833807e-05   1.6200888e-05
   7.0371906e-10   3.3163453e-09   9.6019290e-05   2.2554153e-06   4.4351634e-06   5.0502983e-06
   4.2263801e-10   2.3605572e-09   4.7506344e-05   9.6184036e-06   1.3369880e-05   3.2741369e-05
   1.6419984e-10   1.0309251e-09   8.1760687e-05   1.3263864e-06   2.1942506e-06   2.9538700e-05
   1.5215783e-10   5.4650994e-10   1.1440548e-04   1.6102198e-06   3.0011538e-06   2.9429900e-05
   3.5425201e-10   1.1927835e-09   1.7835078e-04   4.1317172e-06   8.8079120e-06   3.1312933e-05
   5.3835048e-10   2.1625595e-09   2.0806001e-04   1.7913243e-05   5.8586362e-06   3.5925448e-05
   5.1347932e-10   2.4185302e-09   1.0378976e-04   6.6758287e-07   1.3079745e-05   3.5337440e-05
   3.0767155e-10   1.7174750e-09   3.8463384e-05   6.9351243e-06   9.7480162e-08   3.1648012e-05
   1.1943502e-10   7.5101336e-10   2.3665549e-05   1.4213930e-05   9.5220303e-06   3.1389130e-06
   1.1159413e-10   4.0002681e-10   7.6519049e-05   7.0326375e-07   9.5294979e-06   3.8257056e-05
   2.5963363e-10   8.7518938e-10   7.3231691e-05   1.0235192e-05   3.1526330e-06   1.7654286e-06
   3.9364649e-10   1.5815566e-09   5.7053543e-05   1.3917908e-05   9.9338203e-06   2.1438259e-05
   3.7466418e-10   1.7665118e-09   4.3310290e-05   8.6408943e-07   5.5082883e-06   2.7757956e-05
   2.2397584e-10   1.2514588e-09   2.6909033e-05   1.0299833e-05   2.2307350e-05   7.6628471e-06
   8.6875693e-11   5.4590325e-10   2.6394426e-05   6.9220654e-07   1.5958084e-05   9.4246621e-06
   8.1845852e-11   2.9260627e-10   1.5300684e-04   6.1624564e-06   5.3989393e-06   3.7583297e-05
   1.9028502e-10   6.4193805e-10   9.5162129e-05   1.3488452e-05   1.0924208e-05   1.0374645e-05
   2.8783477e-10   1.1574240e-09   5.9771691e-05   6.3533137e-07   1.0632626e-07   2.4060261e-05
   2.7337385e-10   1.2898485e-09   5.2687646e-05   5.1462793e-06   1.1829397e-05   6.5129001e-07
   1.6304597e-10   9.1179203e-10   1.7488617e-05   7.6509637e-06   1.0673059e-05   4.4015983e-05
   6.3193535e-11   3.9692082e-10   1.7078809e-05   5.6410374e-06   7.4762252e-07   6.9992933e-05
   6.0028858e-11   2.1406299e-10   6.2742323e-05   5.6588860e-06   1.2742465e-05   1.6257559e-04
   1.3945796e-10   4.7084611e-10   1.1809870e-04   1.8347449e-05   1.7359234e-05   1.5363467e-05
   2.1046296e-10   8.4695794e-10   7.2198195e-05   1.4434446e-06   1.8992575e-06   4.4547681e-05
   1.9946529e-10   9.4184446e-10   2.2608714e-05   7.2744404e-06   9.1371523e-07   6.4336022e-05
   1.1868997e-10   6.6430806e-10   9.8376424e-06   1.2545323e-06   1.6001385e-07   1.9181058e-05
   4.5967931e-11   2.8858706e-10   9.7001225e-06   5.3407452e-06   5.3893023e-06   3.6118911e-06
   4.4028246e-11   1.5660837e-10   8.0484147e-05   4.9278997e-06   1.9532554e-05   7.0164451e-06
   1.0220617e-10   3.4535320e-10   5.2304460e-05   6.1915286e-06   2.8466405e-06   8.6661792e-07
   1.5388762e-10   6.1976916e-10   2.1866435e-05   3.7342733e-06   1.1917828e-06   1.0010606e-05
   1.4553695e-10   6.8772068e-10   2.4318786e-05   1.6294113e-05   6.2904349e-08   1.8462730e-05
   8.6399856e-11   4.8399318e-10   1.1444322e-05   1.1102448e-06   1.0345703e-07   5.6291895e-06
   3.3438394e-11   2.0982154e-10   9.7048713e-06   1.1395932e-05   5.4171513e-07   2.8177233e-07
   3.2293156e-11   1.1458026e-10   2.5688673e-05   1.2833972e-05   1.2188924e-07   1.0811282e-06
   7.4904154e-11   2.5330466e-10   7.9753990e-05   6.9587100e-07   1.3627115e-08   4.2191128e-06
   1.1251935e-10   4.5351655e-10   4.0054165e-05   6.9173418e-06   1.5307275e-05   3.4011511e-06
   1.0618782e-10   5.0215880e-10   8.0571903e-06   1.3856336e-05   2.1573477e-05   1.3915339e-05
   6.2893685e-11   3.5261752e-10   6.3411921e-06   9.9425847e-06   2.1322476e-05   6.9459559e-06
   2.4324515e-11   1.5255346e-10   5.1086997e-06   1.3339618e-05   2.1825485e-05   5.5804570e-06
   2.3686294e-11   8.3834978e-11   1.5827158e-05   6.2442604e-07   2.5026576e-05   1.3507724e-05
   5.4894620e-11   1.8578850e-10   1.9418480e-05   1.0615053e-05   3.6035643e-05   5.0660633e-06
   8.2270919e-11   3.3185754e-10   9.8820984e-06   1.4222549e-05   3.6757384e-06   7.4449532e-07
   7.7476815e-11   3.6666184e-10   2.0313669e-05   8.5384442e-07   1.9695417e-06   5.5593876e-06
   1.7719190e-05   2.5689977e-10   1.0844077e-05   8.6271049e-06   7.8163950e-07   1.6198060e-05
   1.0672591e-05   1.1091570e-10   8.7535630e-06   2.7844870e-05   5.7497332e-07   9.3794892e-06
   2.1984693e-05   6.1342468e-11   1.2849138e-05   1.3287260e-05   6.1640427e-08   3.1944288e-05
   2.0155433e-05   1.3626687e-10   1.6126854e-05   1.1388590e-05   1.6725314e-07   1.0333397e-05
   1.3155278e-05   2.4283183e-10   1.1748465e-05   1.2322667e-06   1.3038749e-07   3.5201754e-05
   5.5381481e-06   2.6772322e-10   9.6281887e-06   1.1808060e-05   1.8757425e-08   1.6200285e-06
   1.8088763e-05   1.8716241e-10   2.1718744e-04   1.4914385e-05   2.4189552e-08   4.9936623e-05
   5.3530312e-06   8.0642331e-11   2.3318195e-04   3.9868618e-06   7.3314785e-08   5.4929365e-05
   2.3685774e-05   4.4886700e-11   2.1135975e-04   1.1020371e-05   1.2822143e-07   3.1930174e-04
   5.9591434e-06   9.9944181e-11   2.6031756e-04   1.5768358e-06   8.3165776e-08   8.8194098e-04
   2.1633917e-05   1.7768668e-10   1.7061627e-04   6.5020877e-06   4.7325295e-08   9.6631994e-04
   1.1350615e-05   1.9547986e-10   1.0063948e-04   6.7964370e-06   1.9983592e-08   1.2836352e-03
   1.7257739e-05   1.3635423e-10   7.2294643e-05   1.2510708e-05   2.7592121e-08   9.3027304e-04
   2.4169581e-05   5.8631664e-11   6.0857296e-04   2.2029252e-06   5.7693761e-08   1.0355031e-03
   2.8741081e-05   3.2846899e-11   4.0195149e-04   8.6213512e-06   7.6141451e-08   5.8705820e-04
   2.7994453e-05   7.3302793e-11   3.8619559e-04   5.2207127e-06   6.7965036e-08   1.5344072e-04
   2.1700156e-05   1.3001681e-10   6.6606328e-04   1.0241511e-05   4.1679500e-06   4.4413205e-04
   3.7668192e-06   1.4272949e-10   7.0610171e-04   2.1904037e-06   1.8867751e-05   2.3037262e-03
   1.8134525e-05   9.9337633e-11   6.3681314e-04   1.6434390e-06   2.6706746e-05   4.3936191e-04
   1.1110914e-05   4.2628556e-11   2.9566794e-03   1.3298588e-05   3.5785063e-06   8.2668662e-04
   5.6169707e-06   2.4037607e-11   1.3533860e-03   1.5661463e-05   2.9140652e-06   4.1996867e-04
   1.2823861e-05   5.3762481e-11   4.6627099e-04   1.7754722e-05   2.0244026e-05   2.5675488e-04
   3.3789022e-06   9.5134818e-11   1.9936266e-04   2.8572152e-06   1.3831593e-06   2.6058653e-04
   8.1622272e-07   1.7715776e-05   9.9472008e-04   8.0098974e-07   7.7650502e-07   6.6858881e-03
   5.0899108e-07   1.7964500e-05   5.6684088e-03   4.9159860e-07   3.1901437e-06   1.5866585e-02
   1.2094580e-07   8.5525958e-07   8.7753971e-04   1.1094122e-05   9.4261409e-06   5.2927339e-04
   6.2651943e-08   3.9151817e-07   5.6582034e-04   1.8763191e-05   1.1791096e-05   6.2762742e-04
   6.0137783e-09   1.6240087e-06   5.0084941e-04   1.0326702e-05   2.1895241e-06   1.3277358e-03
   2.4638028e-08   1.6790479e-05   9.8377368e-04   1.3697844e-05   9.4609339e-07   2.4432627e-03
   2.3098848e-08   1.0271656e-05   5.1712613e-04   2.6022812e-06   1.1051431e-05   4.4413530e-04
   4.4677680e-09   3.6991851e-05   6.1302316e-03   8.9148517e-07   1.0244515e-06   1.1568940e-03
   4.9264353e-09   1.5665389e-05   4.9355911e-03   6.6039967e-06   1.8094925e-06   1.2415753e-03
   2.3147303e-09   4.1330221e-06   2.6888547e-03   3.4625619e-05   6.6649430e-07   1.5357109e-04
   3.5014538e-09   3.4712569e-05   7.0831746e-04   3.2854908e-05   1.7846569e-07   4.1241445e-04
   5.5313425e-09   5.5822272e-06   2.5045982e-04   9.9410380e-07   1.8442221e-06   2.9231089e-04
   6.9128865e-09   1.0318498e-05   1.3519212e-03   1.0231277e-06   1.3760593e-05   1.2945531e-03
   6.7452462e-09   2.1957825e-05   7.1739155e-04   2.6076684e-07   1.8868931e-05   1.8927857e-04
   3.0723848e-09   1.5674449e-05   2.5762986e-03   1.9331472e-05   1.8206288e-05   7.0544783e-04
   1.2366504e-09   4.7365522e-06   9.9828929e-04   1.5024094e-05   6.1706307e-06   1.3409059e-04
   1.9044146e-09   1.2646170e-05   3.7180947e-03   3.0448007e-05   3.0574146e-05   2.6447886e-04
   4.2894125e-09   8.2743026e-06   1.6141264e-03   1.8504753e-05   6.5407646e-06   5.1819907e-04
   5.5095776e-09   3.2579022e-05   8.2869966e-04   2.1228905e-06   2.5129975e-05   4.2621402e-04
   4.4374580e-09   2.2898610e-05   7.2798164e-04   2.5375667e-07   1.3364742e-05   4.3040364e-04
   2.3028969e-09   8.0486752e-07   4.8779036e-03   1.8460838e-07   1.3489429e-05   5.9023048e-05
   9.2394516e-10   1.5894278e-06   2.0382701e-03   1.0486726e-07   2.2154640e-05   7.7968583e-04
   1.4791546e-09   4.4033923e-05   1.7156523e-03   7.1303099e-08   3.1082441e-05   3.2101792e-04
   3.0794608e-09   2.1488612e-05   2.5336905e-04   1.6033342e-08   7.7080194e-06   8.7425960e-04
   3.9952611e-09   1.6775027e-05   3.9999332e-04   2.8503659e-09   1.8454703e-05   2.3805691e-04
   3.2829855e-09   7.5222330e-06   9.3131496e-05   1.9194326e-08   8.1434318e-06   1.3100824e-03
   1.6624293e-09   1.1733585e-05   2.3317716e-04   2.0735388e-09   2.5346931e-06   2.4803696e-04
   6.7151301e-10   2.6116396e-05   1.9832706e-04   6.0295134e-09   1.4499701e-05   1.9039194e-04
   1.0793069e-09   4.2301073e-05   8.8396739e-04   1.2522521e-09   2.1566672e-06   8.3207998e-04
   2.2626632e-09   2.5526416e-05   1.8204329e-03   5.7318692e-09   5.8834748e-07   5.0908859e-04
   2.9196908e-09   1.5562191e-05   9.7665615e-04   2.4973693e-06   6.5439881e-07   7.0578630e-04
   2.3897057e-09   2.5016007e-05   1.3132482e-03   1.7669794e-05   3.6779518e-07   6.0986651e-04
   1.2108418e-09   1.8575454e-05   1.1375452e-03   4.0295404e-06   2.2197141e-07   1.3447173e-03
   4.8970375e-10   1.4391954e-05   1.2331133e-03   4.1372450e-07   8.5904431e-08   1.4105642e-04
   7.9248080e-10   2.6689026e-05   7.0820760e-04   8.7310254e-07   3.2348909e-08   4.0701806e-04
   1.6561422e-09   2.0685609e-05   3.7581263e-04   1.8068918e-08   7.9042827e-08   3.2919573e-04
   2.1335236e-09   1.6045623e-05   2.3549888e-03   9.1041549e-08   1.8260619e-07   1.0179321e-03
   1.7426669e-09   1.4937396e-05   8.0412571e-04   1.5742570e-08   1.7188682e-07   4.6195118e-04
   8.8060224e-10   1.9458062e-05   1.7116747e-04   2.8298454e-08   7.7449348e-06   1.4609641e-03
   3.5703570e-10   5.1021919e-07   1.2368000e-03   1.6274534e-05   6.8094451e-06   5.2821341e-04
   5.8148730e-10   2.2728290e-05   6.7513552e-03   1.1260179e-05   4.1836843e-05   2.0189832e-03
   1.2128742e-09   1.2982255e-05   1.8608219e-03   4.5242072e-06   3.5015635e-07   5.9287742e-04
   1.5588752e-09   2.4226494e-05   8.8664025e-04   1.1631904e-05   4.3633403e-07   3.5780941e-04
   1.2705674e-09   8.6620491e-06   3.7202189e-04   2.5083825e-05   6.7821185e-07   7.1781122e-04
   6.4056532e-10   2.3820785e-05   1.1447884e-03   6.2803116e-06   2.4928335e-07   3.5884259e-04
   2.6032767e-10   8.2334137e-06   1.1203736e-03   2.6385690e-05   6.3685119e-08   7.5457743e-04
   4.2669167e-10   1.0465984e-05   1.3378157e-03   2.3419335e-05   1.4167301e-07   1.7608439e-04
   8.8816992e-10   1.3641426e-05   6.3076080e-04   1.4882647e-07   3.0878435e-07   8.1205136e-04
   1.1390223e-09   7.1724013e-06   5.6370489e-04   9.5937251e-08   4.3020928e-07   1.0767196e-03
   9.2636727e-10   1.4397706e-05   4.6282936e-03   2.2832121e-07   2.8608731e-07   4.3086970e-03
   4.6594013e-10   6.7272523e-06   7.3245136e-04   4.1664892e-08   1.4743065e-07   3.0589951e-04
   1.8982322e-10   2.7425755e-05   3.6435986e-04   5.2723776e-08   1.8316989e-06   2.1678291e-04
   3.1310217e-10   9.7127355e-06   4.0721256e-04   6.0535115e-09   4.1363485e-05   7.3893604e-04
   6.5039243e-10   3.0254525e-05   1.5249904e-03   1.2991813e-08   4.4209258e-05   3.0215152e-04
   8.3223638e-10   2.7589974e-05   7.5077165e-04   3.9230653e-08   1.4584194e-05   6.3921433e-04
   6.7540418e-10   2.5345341e-05   5.1397252e-04   8.7735382e-09   2.5824258e-05   8.5576135e-05
   3.3891765e-10   2.8802938e-05   3.7835734e-04   6.1668134e-09   9.2422854e-06   9.4758541e-04
   1.3842003e-10   2.3264431e-05   1.4945141e-03   2.1724255e-06   8.9452218e-07   1.7559687e-03
   2.2975064e-10   3.6297407e-05   6.7126721e-04   8.2094977e-06   2.1874865e-07   4.9709206e-04
   4.7626602e-10   4.5202794e-05   8.2829875e-04   1.0279758e-06   7.1821196e-08   2.0180110e-04
   6.0807504e-10   2.1069083e-05   2.0619530e-04   6.4533096e-06   3.7109346e-08   1.2451807e-03
   4.9242442e-10   2.8107671e-06   3.8813521e-04   2.1046293e-06   5.7699888e-08   1.8602367e-04
   2.4652103e-10   1.9612929e-05   1.6680364e-03   1.8578652e-06   7.1891448e-06   9.8692671e-04
   1.0094141e-10   3.3723974e-06   1.0728184e-03   2.3465293e-07   3.3779590e-06   1.0804879e-04
   1.6858784e-10   2.0656620e-05   1.2818298e-03   4.6186167e-07   1.9177061e-05   4.9562921e-04
   3.4875373e-10   1.0248756e-05   8.8473311e-04   2.1556558e-08   3.7108126e-05   5.9155926e-04
   4.4428668e-10   2.5575651e-05   2.6909557e-03   3.4104196e-08   2.5680800e-05   2.2271422e-04
   3.5901351e-10   2.8612983e-05   6.9595903e-04   1.5279753e-08   9.7604866e-07   4.9158482e-04
   1.7931212e-10   2.3815048e-05   2.8130872e-03   5.8170162e-06   1.7490986e-06   1.7931429e-04
   7.3614046e-11   1.3246336e-05   1.6887171e-03   1.4285038e-05   6.1800420e-07   9.9891867e-04
   1.2370707e-10   4.4448112e-07   5.6887093e-04   2.7495995e-05   1.8349634e-07   1.1239377e-04
   2.5537789e-10   7.7563745e-08   2.8903007e-04   5.9205946e-06   3.0402554e-07   3.2101863e-04
   3.2461239e-10   1.3912526e-06   6.0818501e-04   1.1640697e-06   1.9725539e-07   2.9547358e-04
   2.6174435e-10   1.6559901e-05   5.5441986e-04   3.4188245e-07   2.2791418e-07   4.1828088e-04
   1.3042512e-10   7.1790034e-06   5.8992005e-04   1.2163027e-07   2.4576753e-07   3.3406189e-04
   5.3687483e-11   3.2064414e-06   3.1411586e-05   5.6130036e-08   1.6495435e-06   4.3337520e-05
   9.0774002e-11   1.9236720e-05   2.2257321e-03   5.5610987e-08   1.8648198e-05   2.7106748e-03
   1.8700053e-10   2.9564609e-05   1.2218141e-02   2.0348313e-06   1.1101117e-05   7.9156888e-03
   2.3717154e-10   4.6075752e-06   2.0317462e-03   1.4606419e-05   1.2902829e-05   1.7710956e-04
   1.9082673e-10   1.7956806e-05   1.7652859e-03   7.5075375e-06   2.9666814e-05   1.2766504e-03
   9.4865601e-11   7.8849351e-06   7.9030944e-05   2.5040421e-05   2.4275330e-05   2.0809349e-03
   3.9156746e-11   2.5878811e-05   5.0104597e-04   1.6708589e-05   2.2595485e-05   6.7906065e-04
   6.6608094e-11   3.1019320e-05   5.7989230e-04   8.8856534e-06   6.3975881e-06   2.5619233e-04
   1.3692966e-10   2.2782182e-05   3.6288324e-04   1.0379089e-06   9.7216499e-07   3.8103629e-04
   1.7328292e-10   1.0297342e-05   2.3173033e-04   6.4941250e-07   5.3704788e-07   1.0944815e-03
   1.3912221e-10   2.2193989e-05   5.3307016e-04   2.0502493e-07   9.8486390e-08   2.7387090e-04
   6.9000509e-11   6.7513425e-06   8.4381227e-05   2.3817930e-07   7.8942786e-08   5.9236056e-04
   2.8560212e-11   1.1661656e-06   3.1199832e-04   2.8422725e-08   1.9622329e-08   4.1100524e-04
   4.8875486e-11   5.9868205e-07   2.4150337e-04   1.6398212e-05   7.6508201e-09   1.1096065e-04
   1.0026453e-10   2.1036632e-06   6.1010317e-04   1.2207263e-05   2.2360900e-09   5.6528931e-04
   1.2660318e-10   1.7705167e-05   1.2403987e-03   1.4326658e-06   1.4662788e-09   1.0322438e-04
   1.0142592e-10   5.3600355e-06   1.2143938e-03   3.2814787e-07   1.9121194e-10   3.7476852e-04
   5.0187062e-11   1.0335987e-06   3.8332117e-04   6.2949919e-07   2.2215656e-10   1.1759052e-04
   2.0832319e-11   4.9987837e-07   3.6959675e-05   1.3898625e-07   2.6327751e-10   1.7426856e-04
   3.5863580e-11   2.1669703e-05   9.7266692e-03   5.7104643e-08   3.1497481e-10   7.0573521e-03
   7.3416268e-11   2.0328630e-05   6.1514914e-03   3.8081605e-08   2.6943141e-10   1.4386297e-03
