   1.3430378e-03   8.0197329e-06   1.9997904e-03   2.1273554e-04   1.7647504e-05   1.1628038e-03
   8.0087232e-04   8.6597243e-06   1.7336261e-03   1.9607951e-04   1.6958043e-05   3.7678229e-03
   4.5634796e-04   8.1273344e-06   2.4580814e-03   1.8735469e-04   1.8073412e-05   4.6578432e-03
   3.4849092e-04   7.6712998e-06   6.7570378e-03   1.9353081e-03   1.6567391e-05   4.0021371e-03
   3.2301808e-04   7.1329433e-06   4.0332764e-03   1.3049445e-03   1.5963690e-05   4.0815665e-03
   6.2642319e-05   5.8740042e-06   4.7881547e-03   1.3612274e-03   1.4519432e-05   3.8823006e-03
   1.0015402e-04   5.8279815e-06   1.5334095e-03   1.3705903e-03   1.2281369e-05   5.1393757e-03
   1.1099982e-04   6.6925102e-06   2.1986313e-03   1.6080180e-03   1.2563840e-05   3.8681870e-03
   4.3865880e-05   6.5787938e-06   6.2874273e-04   1.6380285e-03   1.4055430e-05   3.2690125e-03
   3.3334159e-05   6.8339978e-06   4.4311360e-04   1.1105469e-03   1.3513635e-05   5.3771629e-03
   5.5850606e-05   6.6783678e-06   4.0998185e-04   5.1822367e-04   1.4342056e-05   4.9294631e-03
   3.8457210e-05   6.0695061e-06   2.0598693e-03   1.9238383e-03   1.3704465e-05   3.5777295e-03
   3.2204405e-05   5.8769312e-06   3.4177832e-03   2.4769711e-03   1.2718845e-05   3.8496003e-03
   3.2490357e-05   4.8764781e-06   2.1124477e-03   1.6995562e-03   1.2042986e-05   4.6521250e-03
   3.3856483e-05   4.5719991e-06   3.6309119e-03   3.2619321e-03   9.7257843e-06   5.6433046e-03
   2.9529620e-05   5.2121839e-06   2.9082087e-03   2.5210335e-03   9.4010555e-06   5.6310030e-03
   2.2163805e-05   5.3359876e-06   2.8466475e-03   2.4038047e-03   1.1019411e-05   4.4578127e-03
   2.4011055e-05   5.3315782e-06   2.7854274e-03   2.0187484e-03   1.1028906e-05   4.2776490e-03
   2.7450525e-05   5.4256092e-06   1.9055460e-03   1.0754905e-03   1.1260859e-05   5.8630285e-03
   2.6941881e-05   4.7591941e-06   2.0604249e-03   1.3502316e-03   1.1204026e-05   6.4785618e-03
   2.7666938e-05   4.7867686e-06   1.5512553e-03   2.3771860e-03   1.0012905e-05   4.7420691e-03
   2.8068941e-05   4.1571793e-06   2.6527998e-03   2.4944456e-03   9.8708754e-06   6.1243526e-03
   2.5053834e-05   3.7012243e-06   1.3610097e-03   1.8681801e-03   8.3621670e-06   5.0441908e-03
   2.4580482e-05   4.0098292e-06   2.2785053e-03   1.9245131e-03   7.6580956e-06   3.6895433e-03
   6.2395987e-04   4.2803464e-06   3.4467699e-03   3.8770840e-04   8.5361563e-06   2.9691880e-03
   1.2735217e-03   4.1092765e-06   6.4156251e-03   8.1758960e-04   8.9013063e-06   3.0465055e-03
   5.3684217e-04   4.3592580e-06   2.0399191e-03   1.4183650e-03   8.7387229e-06   3.9833249e-03
   4.7895609e-04   3.9888766e-06   1.0974644e-03   1.3350915e-03   9.0573163e-06   5.4499940e-03
   2.7675986e-04   3.8556744e-06   2.5548721e-03   2.3559445e-03   8.0977609e-06   3.4010311e-03
   2.9573053e-04   3.4947661e-06   5.5397764e-03   2.4355384e-03   7.9998456e-06   3.6155043e-03
   1.7540125e-04   2.9633894e-06   2.6136331e-03   3.1603036e-04   7.0831277e-06   4.6972092e-03
   1.3074178e-04   3.0440113e-06   3.5032235e-03   1.8440783e-04   6.1690593e-06   4.6583406e-03
   1.7641820e-04   3.3958135e-06   2.3770506e-03   2.2944052e-04   6.5291926e-06   3.7014857e-03
   3.5124654e-05   3.2559179e-06   3.8759499e-03   3.3878315e-04   7.1053619e-06   3.8704052e-03
   6.1686023e-05   3.4640433e-06   2.9748261e-03   2.1371382e-04   6.6970021e-06   3.5942903e-03
   1.0747415e-04   3.3017695e-06   6.3483666e-03   6.6389255e-04   7.2415670e-06   3.9445949e-03
   8.1503965e-05   3.0716347e-06   6.8086628e-03   1.3315904e-03   6.7486404e-06   4.4485972e-03
   7.6931331e-05   2.9007964e-06   3.3766585e-03   5.9386225e-04   6.4122072e-06   4.8353306e-03
   7.4948215e-05   2.3465134e-06   3.4496154e-03   6.1833923e-04   5.9201068e-06   5.4176745e-03
   7.4537264e-05   2.2767137e-06   1.8969685e-03   4.5891904e-04   4.9150551e-06   5.6728145e-03
   6.7167458e-05   2.6638332e-06   2.8621089e-03   3.5722375e-04   4.9249503e-06   5.2482352e-03
   5.1818544e-05   2.6592682e-06   3.6172502e-03   7.5466699e-04   5.6090248e-06   3.0030894e-03
   5.3649345e-05   2.7219134e-06   8.0980799e-03   1.7225681e-03   1.7842261e-03   1.0404865e-02
   6.2773110e-05   2.7012154e-06   9.7766651e-03   1.6922484e-03   1.2939667e-03   1.0072691e-02
   6.0836650e-05   2.4198500e-06   4.0243250e-03   1.7219768e-03   7.5729190e-04   1.6430599e-02
   6.3005871e-05   2.3794057e-06   3.4094989e-03   2.2805921e-03   4.6203040e-04   1.2132684e-02
   6.1948944e-05   2.0098572e-06   4.3432582e-03   4.6158633e-04   3.3838344e-04   1.9697065e-02
   5.6211562e-05   1.8467296e-06   2.2613110e-03   1.0088071e-03   2.7861875e-04   8.9820757e-03
   5.4290937e-05   2.0651367e-06   5.2905447e-03   1.7868292e-03   8.5592932e-05   7.0020491e-03
   4.5216450e-05   2.1477785e-06   5.1784221e-03   1.5598265e-03   1.0974334e-04   7.1530694e-03
   4.2400301e-05   2.1138978e-06   1.7650459e-03   9.7018235e-04   9.2853150e-05   4.8956310e-03
   4.8181510e-05   2.1851973e-06   3.6413226e-03   6.8273249e-04   4.0629119e-05   6.6666252e-03
   4.9367475e-05   1.9484257e-06   6.8803542e-03   9.5626554e-04   7.0659974e-05   1.3173721e-02
   4.9291745e-05   1.9297590e-06   3.0436193e-03   1.7250727e-03   8.0517202e-05   6.6358856e-03
   5.0208237e-05   1.7039645e-06   2.9546510e-03   1.5140111e-03   4.7016150e-05   1.3388235e-02
   4.4067858e-05   1.4886986e-06   5.4440685e-03   1.8214411e-03   5.5141155e-05   1.4688469e-02
   4.4286540e-05   1.5809242e-06   9.3120962e-03   2.8083177e-03   6.4878565e-05   9.9550550e-03
   3.8502213e-05   1.7156431e-06   6.6517565e-03   3.2389782e-03   6.0547791e-05   1.5770159e-02
   3.4244976e-05   1.6213486e-06   6.9090120e-03   3.1323726e-03   5.8741672e-05   7.5989242e-03
   3.7061315e-05   1.7483503e-06   3.9845063e-03   2.2331762e-03   5.1573026e-05   6.8845875e-03
   3.9595387e-05   1.6251081e-06   5.4357938e-03   1.2655072e-03   5.3268736e-05   1.1617324e-02
   3.7983990e-05   1.5478671e-06   2.6305766e-03   1.7332370e-03   4.6087586e-05   4.7649088e-03
   4.0326402e-05   1.4253403e-06   1.3526831e-02   1.1738691e-03   3.9747414e-05   1.9038282e-02
   3.6928403e-05   1.1869211e-06   9.6823246e-03   7.7708264e-04   4.3652398e-05   4.2304678e-02
   3.5669429e-05   1.1936020e-06   9.0469632e-03   8.2554698e-04   4.7016686e-05   3.2115896e-02
   3.2355979e-05   1.3553113e-06   8.9588789e-03   7.2259452e-04   4.4828679e-05   2.7734365e-02
   2.7411625e-05   1.3196330e-06   8.4899822e-03   7.3333949e-04   4.7522944e-05   1.3085016e-02
   2.8128575e-05   1.3834161e-06   8.2502561e-03   1.8847059e-04   4.3622073e-05   1.1854450e-02
   3.1406323e-05   1.3390787e-06   7.3292538e-03   2.4646181e-04   4.2121419e-05   2.4154156e-02
   3.0135186e-05   6.0499609e-04   7.1962309e-03   8.4593955e-04   1.7633190e-03   1.7825216e-02
   3.2038303e-05   1.7848567e-03   7.0608231e-03   2.0345912e-03   1.8510681e-03   7.3197717e-02
   3.0560533e-05   1.6691472e-03   6.2158607e-03   1.7134848e-03   2.3924003e-03   1.0555139e-01
   2.8410358e-05   2.2307193e-03   7.9180090e-03   1.0053827e-03   1.1235913e-03   4.5141152e-02
   1.2362160e-03   1.1563315e-03   8.8572773e-03   2.4205432e-03   5.3451860e-04   8.6265570e-02
   3.0131578e-03   8.1415250e-04   2.8020741e-03   2.0863412e-03   8.7411507e-04   1.3076439e-01
   1.4616085e-03   9.6025144e-04   5.7784733e-03   1.2397681e-03   4.3093852e-04   7.1966431e-02
   2.2335304e-03   2.6708816e-04   1.8563230e-02   2.4379027e-03   1.7458476e-04   1.1971943e-01
   7.2333030e-04   2.0880539e-04   9.9714029e-03   1.7360222e-03   3.4164688e-04   9.1585554e-02
   6.2821422e-04   3.8027698e-04   4.9964659e-03   1.2613460e-03   3.1897505e-04   2.6828185e-02
   2.6527258e-04   2.0039945e-04   3.7346962e-03   1.8511368e-03   1.5229074e-04   4.9485256e-02
   5.1723568e-04   7.0976984e-04   3.2015554e-03   1.1827383e-03   7.2374937e-05   3.6289308e-02
   2.0479132e-04   1.7849397e-03   1.0022448e-02   1.6427465e-03   1.6879468e-04   1.0662118e-02
   1.0901556e-04   3.4120804e-03   1.4735622e-02   1.1180953e-03   1.5127997e-04   1.2988932e-02
   2.7374345e-04   2.8577333e-03   7.5096790e-03   1.6405408e-03   1.1873135e-04   9.8124410e-03
   2.3417420e-04   2.4553573e-03   1.2751627e-02   1.2015802e-03   1.2143822e-04   5.6386089e-03
   1.9571661e-04   1.3785640e-03   7.0599314e-03   2.0762640e-03   1.3935266e-04   3.3353716e-03
   1.8534282e-04   8.7285929e-04   6.2070157e-03   1.2622205e-03   1.2158876e-04   3.6871352e-03
   1.7641682e-04   2.7297939e-03   3.0464544e-03   8.4035520e-04   7.1980460e-04   2.2804908e-03
   1.7631788e-04   1.8806090e-03   9.7770486e-03   1.5664524e-03   2.4209935e-03   2.0254569e-03
   1.3693533e-04   3.5740812e-03   1.0680524e-02   2.9963438e-03   2.0488730e-03   1.0906351e-03
   1.3283426e-04   1.9825507e-03   7.9098842e-03   1.7716163e-03   7.9445767e-04   9.0375601e-04
   1.5286118e-04   1.4207092e-03   6.1177350e-03   1.5335185e-03   3.3488281e-04   2.7668922e-03
   1.5357906e-04   2.3857631e-04   7.3131074e-03   1.6433951e-03   8.3887440e-04   1.5725464e-03
   1.5283277e-04   2.3406876e-04   1.1654078e-02   5.2218093e-04   4.3374806e-04   1.7151637e-03
   1.5551483e-04   3.3141100e-04   7.5771518e-03   1.5662202e-03   7.8259579e-04   4.8787334e-03
   1.3677512e-04   2.4791918e-04   6.7479411e-03   1.6142007e-03   1.7238923e-03   2.5773945e-03
   1.3673821e-04   6.4976007e-04   1.2018174e-02   1.3285216e-03   1.8451283e-03   2.6375664e-03
   1.1824339e-04   1.8243927e-03   7.1341851e-03   9.9254845e-04   1.0563599e-03   9.4110633e-04
   1.0624497e-04   6.3440880e-04   5.2341206e-03   7.8975224e-04   2.2559346e-03   1.3618441e-03
   1.1562664e-04   7.2971708e-04   4.4606241e-03   1.7389418e-03   2.1918563e-03   3.2182028e-03
   1.2269765e-04   3.2200793e-04   8.6986190e-03   2.1226173e-03   1.4548140e-03   1.5560737e-03
   1.1844175e-04   9.5039531e-04   9.5800168e-03   1.4462868e-03   7.7907837e-04   1.5421905e-03
   1.2497480e-04   1.7698612e-03   5.5353065e-03   1.7373484e-03   8.8807475e-04   1.8888270e-03
   1.1369499e-04   9.7898656e-04   1.1184012e-02   1.9432309e-03   1.9350566e-03   2.6979912e-03
   1.1045691e-04   2.6847710e-03   1.5715388e-02   1.3600921e-03   2.1708291e-03   1.1509678e-03
   9.9579572e-05   1.8876628e-03   2.1827082e-02   5.3031685e-04   1.2228642e-03   3.7362142e-03
   8.4990509e-05   1.2064411e-03   1.2310245e-02   4.4375382e-04   1.7090356e-03   3.5263609e-03
   8.7937326e-05   2.5144589e-03   8.1892484e-03   1.5393009e-03   2.2242297e-03   2.3125239e-03
   9.7503585e-05   2.3174684e-03   7.8572828e-03   2.4326339e-03   1.6439845e-03   2.3302940e-03
   9.2980934e-05   2.1382885e-03   3.8438987e-03   1.1959362e-03   9.2702320e-04   2.2266709e-03
   9.9442582e-05   2.4879877e-03   5.7123973e-03   7.2182849e-04   1.9669278e-03   3.6287868e-03
   9.4265068e-05   2.2774902e-03   7.7083828e-03   1.3476341e-03   1.7185318e-03   2.4858089e-03
   8.8146002e-05   9.6771325e-04   1.3446941e-02   4.7211011e-04   1.1395773e-03   2.0499563e-03
   1.2804387e-03   2.4567162e-03   1.0944022e-02   1.8790185e-03   1.4452961e-03   8.1251058e-04
   3.4401408e-03   2.9899854e-03   1.4322561e-02   2.4843982e-03   2.9818917e-03   2.6651852e-03
   1.9833607e-03   3.7424868e-03   7.9763206e-03   1.2633421e-03   2.6930015e-03   3.1315506e-03
   2.3711701e-03   1.8910413e-03   1.4599597e-02   1.9046392e-03   1.4533340e-03   2.2907615e-03
   2.6571148e-03   1.8748687e-03   1.9591185e-02   2.4951018e-03   8.5429052e-04   1.7641945e-03
   2.6105047e-03   1.7979464e-03   9.3985741e-03   1.4088803e-03   1.9847819e-03   2.2912748e-03
   1.8642451e-03   1.0937103e-03   1.0985590e-02   5.6806938e-04   1.7198840e-03   1.4057748e-03
   2.6258477e-03   2.7446879e-03   5.9080766e-03   9.1586559e-04   8.3783334e-04   3.0700309e-03
   2.7417292e-03   2.1438061e-03   9.1315337e-03   4.8449462e-04   2.3279031e-03   3.3101860e-03
   1.0891540e-03   8.9033333e-04   1.1972449e-02   1.4048317e-04   1.7618766e-03   3.9419549e-03
   1.2888452e-03   1.9023295e-03   7.7356960e-03   9.9759341e-04   1.1202969e-03   2.9237019e-03
   3.0924168e-03   1.5729296e-03   1.0898329e-02   2.1074180e-03   2.1451850e-03   4.3567562e-03
   1.8240138e-03   1.7680105e-03   1.3010155e-02   9.7887250e-04   1.1428208e-03   1.9933633e-03
   2.9122503e-03   2.4162980e-03   1.5589112e-02   8.0039113e-04   9.2610960e-04   8.7431713e-04
   1.5627693e-03   1.5301598e-03   1.2507587e-02   1.3270650e-03   1.2688381e-03   2.1652305e-03
   8.0433970e-04   1.1173741e-03   8.7446822e-03   4.4684260e-04   3.0222689e-04   3.0176620e-03
   1.0110365e-03   1.5855938e-03   1.0904184e-02   2.2171347e-04   3.4837678e-04   1.7616248e-03
   4.2988056e-04   1.7737834e-03   1.0347743e-02   5.0201271e-04   5.2640548e-04   1.8061135e-03
   3.4348485e-04   6.3195299e-04   1.7200373e-02   3.9465553e-04   2.2223807e-04   7.3326200e-04
   2.3229291e-04   1.2166546e-03   9.1936831e-03   2.6936559e-04   1.1823451e-04   2.3841504e-03
   2.2615624e-04   4.0847104e-04   1.0731315e-02   2.0492197e-04   1.3732441e-04   2.9016718e-03
   2.0070050e-04   9.3494615e-04   1.9535143e-02   2.8792332e-04   1.5626520e-04   1.8587893e-03
   7.2976241e-04   3.6191860e-03   1.6246993e-02   2.3246776e-04   1.2818299e-04   1.7237782e-03
   1.7437629e-03   1.7831738e-03   1.2701267e-02   1.7627922e-04   7.0633531e-05   9.1222136e-04
   1.6855701e-03   1.5961845e-03   8.5301664e-03   2.2168465e-04   9.8016412e-05   1.0487593e-03
   1.1660598e-03   6.5887460e-04   7.5501131e-03   2.3308885e-04   1.0670466e-04   2.0506296e-03
   4.7259055e-04   4.8988762e-04   1.5895583e-02   2.2993162e-04   9.8646106e-05   8.0115878e-04
   5.6494732e-04   9.7509053e-04   1.2511411e-02   2.2525891e-04   9.7019234e-05   1.0247678e-03
   1.3071737e-03   2.1556716e-03   6.3954317e-03   2.0145094e-04   1.0663271e-04   2.0333349e-03
   2.0781061e-03   1.4307361e-03   1.3823556e-02   1.7412736e-03   1.7649163e-03   1.4762637e-03
   1.9194041e-03   6.2062055e-04   1.3978341e-02   1.3935106e-03   1.3276710e-03   6.7301503e-04
   1.6243160e-03   1.0516680e-03   1.4886440e-02   7.5021034e-04   7.7084112e-04   7.2425462e-04
   1.5128324e-03   2.0182723e-03   3.3425989e-02   1.2129050e-03   5.3271678e-04   1.7878966e-03
   8.0451141e-04   1.7558545e-03   2.0312076e-02   1.6052999e-03   4.1236502e-04   2.8195442e-03
   6.3441424e-04   1.4174158e-03   1.3159870e-02   1.1997236e-03   3.0071068e-04   3.3191699e-03
   2.0256370e-03   2.8198071e-03   1.3835371e-02   1.0678880e-03   1.5829181e-04   1.8157434e-03
   7.6160523e-04   1.7899292e-03   1.2279462e-02   5.7305732e-04   1.8916168e-04   1.3321938e-03
   8.1504538e-04   8.7460655e-04   1.4703622e-02   4.0473596e-04   1.6850622e-04   2.2630423e-03
   8.8814450e-04   1.8204837e-03   2.0935557e-02   3.0767505e-04   1.1264065e-04   1.9976020e-03
   1.9303261e-03   3.6584760e-03   1.4393915e-02   2.2051835e-04   1.3726616e-04   2.7668604e-03
   1.7728156e-03   1.7620363e-03   2.3959254e-02   1.8707224e-04   1.3599462e-04   1.2674894e-03
   1.8538139e-03   1.5764911e-03   1.1494430e-02   2.6264087e-04   6.6599614e-04   1.8066507e-03
   2.2765029e-03   9.5857062e-04   7.4986444e-03   2.1801043e-04   1.7910912e-03   1.7603591e-03
   3.3927508e-04   3.7723698e-04   1.7313559e-02   1.3386003e-04   1.8587839e-03   2.1344444e-03
   9.4562023e-04   2.2893928e-03   2.2949783e-02   1.3089608e-04   1.0441150e-03   1.4198541e-03
   1.8024187e-03   3.9114220e-03   3.0199953e-02   1.4554141e-04   2.2933393e-03   1.0810255e-03
   2.0011915e-03   1.0835881e-03   2.6883721e-02   1.0855661e-04   1.9088638e-03   7.7235988e-04
   1.2526715e-03   3.3680134e-04   1.8085614e-02   1.1596326e-04   1.8879949e-03   2.2514647e-03
   4.5235897e-04   4.0550897e-04   1.2226126e-02   1.3661427e-04   1.1940501e-03   9.0862791e-04
   8.9450810e-04   4.6186255e-04   1.4846692e-02   1.3175977e-04   6.0210400e-04   1.0101205e-03
   3.4824105e-04   2.2137986e-04   3.1462372e-02   1.3863014e-04   2.9722916e-04   2.7878839e-04
   1.4216915e-04   2.5889115e-04   2.8105899e-02   1.2896235e-04   1.7968693e-03   2.7440948e-04
   3.3390395e-04   1.4770734e-04   2.7293610e-02   1.2422415e-04   1.5056139e-03   7.6217268e-04
   2.5942955e-04   1.1305705e-04   4.1199981e-02   6.9206565e-04   1.4831264e-03   1.6779809e-03
   1.1199900e-04   1.2864238e-04   2.5515788e-02   2.3052369e-03   2.4563050e-03   7.0948287e-04
   1.7803689e-03   1.7758116e-03   3.7098693e-02   1.5176991e-03   1.7985784e-03   2.1941026e-03
   1.3481735e-03   1.3277001e-03   4.6746755e-02   5.7811512e-04   7.7451176e-04   1.6343449e-03
   7.3585845e-04   7.3331569e-04   1.8035175e-02   1.1554580e-03   1.0823627e-03   1.0878687e-03
   4.7260595e-04   4.6712857e-04   1.9739455e-02   1.0510186e-03   4.3150030e-04   5.5694811e-04
   4.0909340e-04   3.8814754e-04   2.0750467e-02   1.3072645e-03   1.4846883e-04   6.0120306e-04
   3.2041886e-04   3.1866419e-04   2.5612257e-02   1.2945252e-03   8.1664015e-04   5.4201107e-04
   1.0812739e-04   8.6682821e-05   8.8227619e-03   1.5419227e-03   2.0957672e-03   3.8582937e-04
   7.7422928e-04   1.3580937e-04   3.2811819e-02   9.5032493e-04   1.5963188e-03   4.1975007e-04
   1.2308560e-03   1.3608483e-04   2.4117277e-02   1.8197405e-03   7.9528650e-04   3.8866066e-04
   5.2737410e-04   7.1798894e-05   1.9469527e-02   1.6776420e-03   1.2337128e-03   3.4288496e-04
   4.9264005e-04   7.2646835e-05   2.0155207e-02   2.5626161e-03   3.7585676e-04   3.2323501e-04
   3.1099178e-04   1.0159566e-04   2.1782221e-02   1.3218439e-03   1.1663496e-03   2.9596797e-04
   2.9901141e-04   9.2768532e-05   1.9752930e-02   5.6232594e-04   2.5503006e-03   2.8753800e-04
   1.9885044e-04   8.4917196e-05   2.6210557e-02   9.7706286e-04   1.2894186e-03   3.1634136e-04
   1.9265118e-04   9.2555145e-05   2.4498797e-02   1.7618603e-03   7.9286679e-04   3.0487841e-04
   2.4820338e-04   8.9533558e-05   2.5406686e-02   3.1268411e-03   1.1841997e-03   3.2405830e-04
   1.0985968e-04   8.2857847e-05   2.0649244e-02   1.6947684e-03   5.0105631e-04   3.0273772e-04
   1.0426736e-04   7.4164458e-05   8.0618642e-03   7.8263118e-04   4.2647205e-04   2.8327064e-04
   1.3915702e-04   6.4414312e-05   1.9674773e-02   8.2519990e-04   1.7774781e-03   2.6596572e-04
   1.3252497e-04   6.5000016e-05   2.0103893e-02   4.0222325e-04   2.8510105e-03   2.5863071e-03
   1.2114522e-04   7.2648044e-05   2.2618055e-02   2.8449822e-04   1.8188527e-03   2.4087710e-03
   1.3078468e-04   7.0855660e-05   3.0803276e-02   8.0347512e-04   8.7307788e-04   1.2513329e-03
   1.3465742e-04   7.4759420e-05   2.2233984e-02   1.1286061e-03   6.7714231e-04   7.7717327e-04
   1.1819329e-04   7.1977757e-05   1.8504771e-02   1.2559419e-03   1.5343760e-04   3.4941248e-04
   1.1606661e-04   6.6191803e-05   1.1851210e-02   1.4597913e-03   2.5768910e-04   8.5826548e-04
   1.0171623e-04   6.3179720e-05   3.1799104e-02   2.5816445e-03   1.8888340e-04   2.2203969e-03
   9.0978812e-05   5.1579754e-05   3.0500912e-02   2.2741187e-03   8.7627662e-05   1.4992911e-03
   9.8988390e-05   4.9286978e-05   2.6055266e-02   1.8397993e-03   9.5377355e-05   9.4660112e-04
   1.0490189e-04   5.7237195e-05   2.4231474e-02   8.7119381e-04   1.0195000e-04   8.4033060e-04
   1.0158752e-04   5.7749100e-05   3.0173453e-02   7.7569558e-04   7.3809583e-05   4.6622352e-04
   1.0673878e-04   5.8544154e-05   4.0267474e-02   6.1885754e-04   6.3982415e-05   5.2667783e-04
   9.6757822e-05   5.8679104e-05   2.9362484e-02   2.8813141e-04   6.3892636e-05   1.0494874e-04
   9.4376964e-05   5.2073482e-05   5.3268412e-02   3.1951610e-04   6.3976795e-05   1.4135550e-04
   8.4857455e-05   5.1724321e-05   4.4654161e-02   2.9826349e-04   5.5361494e-05   2.2225935e-04
   7.2563436e-05   4.4186597e-05   4.8317931e-02   2.2796893e-04   4.2192382e-05   9.1276236e-05
   7.5384826e-05   4.0080882e-05   3.6999201e-02   2.6583399e-04   4.6403817e-05   4.8547305e-05
   8.3360009e-05   4.4259823e-05   3.2264715e-02   2.4110031e-04   5.4018187e-05   1.0226856e-04
   7.9259448e-05   4.6511796e-05   4.3546983e-02   1.8659517e-04   5.2449460e-05   9.8414840e-05
   8.4983292e-05   4.5326208e-05   2.5684723e-02   2.1285236e-04   5.5106028e-05   8.3920447e-05
   2.3654569e-03   1.7714450e-03   1.4848047e-02   1.3274685e-03   1.2745947e-03   7.9885773e-05
   3.0041453e-03   3.3991061e-03   4.8812082e-02   2.3044656e-03   3.6181042e-03   8.5870084e-05
   2.0153471e-03   2.0565910e-03   3.5991480e-02   2.9410981e-03   1.6998996e-03   7.0203236e-05
   1.8500315e-03   8.6236027e-04   3.8869296e-02   2.6883013e-03   1.6431388e-03   5.6844468e-05
   2.5336254e-03   2.3948336e-03   4.3864189e-02   2.2345205e-03   2.4268271e-03   6.5088033e-05
   1.7117279e-03   2.5293068e-03   4.4403246e-02   2.4473602e-03   2.1197956e-03   7.1515799e-05
   1.9879822e-03   3.2899138e-03   3.6844552e-02   1.8407459e-03   3.0521473e-03   6.6685142e-05
   2.9104637e-03   2.8428324e-03   6.1591325e-02   1.6250599e-03   2.6272680e-03   7.2163013e-05
   9.4129234e-04   8.3639586e-04   8.5957368e-02   9.0358545e-04   8.3504586e-04   6.8325629e-05
   2.2820295e-03   1.0943526e-03   5.1686675e-02   8.0245353e-04   1.1445229e-03   6.4635250e-05
   3.6434084e-03   1.5623899e-03   2.9438661e-02   3.7970172e-04   1.2747137e-03   5.9662265e-05
   9.2336884e-04   1.7814223e-03   1.4583859e-02   3.7784501e-04   1.1992129e-03   4.9127589e-05
   8.8228304e-04   7.7949220e-04   3.9792539e-02   4.2557145e-04   6.2951181e-04   4.8831949e-05
   1.3328728e-03   1.0569883e-03   4.9445309e-02   1.1675459e-04   1.0839474e-03   5.6051171e-05
   4.6905603e-04   1.0663915e-03   2.3326040e-02   1.9233315e-04   2.6579650e-03   5.5128905e-05
   1.5367225e-03   1.4415923e-03   3.0619139e-02   2.7814825e-04   1.4065973e-03   5.7235854e-05
   1.8493351e-03   1.9219581e-03   2.8822596e-02   1.1760949e-03   1.1253695e-03   5.6021249e-05
   1.6049466e-03   1.3634007e-03   2.5463572e-02   3.2054980e-03   5.7117640e-04   5.0847687e-05
   2.9028115e-03   2.6707531e-03   5.7318992e-02   1.7158699e-03   1.3627457e-03   4.9288507e-05
   2.6616381e-03   3.2634752e-03   3.7331264e-02   1.7918287e-03   3.4088800e-03   4.0970948e-05
   2.5995002e-03   3.3147216e-03   5.4839275e-02   9.2852692e-04   2.2070619e-03   3.8343384e-05
   2.3958768e-03   3.0194531e-03   2.0960032e-02   9.8215518e-04   2.1922463e-03   4.3636030e-05
   1.8028648e-03   8.9371012e-04   3.2295077e-02   1.2820862e-03   8.3499082e-04   4.4734152e-05
   1.3430241e-03   1.0692723e-03   1.3470506e-02   3.2295148e-03   9.1415398e-04   4.4639646e-05
   2.4563314e-03   2.6954281e-03   3.7779958e-02   2.6084069e-03   1.2080511e-03   4.5488300e-05
   3.2859174e-03   3.3833964e-03   3.0004898e-02   3.3964694e-03   2.5444239e-03   3.9958073e-05
   2.8727681e-03   3.8585689e-03   5.9831980e-02   3.7652091e-03   2.0187145e-03   4.0135633e-05
   1.8399434e-03   3.0398660e-03   4.2823845e-02   2.9896542e-03   7.9725947e-04   3.4907739e-05
   2.5653488e-03   3.4301499e-03   4.8725778e-02   2.3812828e-03   2.2365395e-03   3.1027233e-05
   2.5288097e-03   2.8056251e-03   6.9004872e-02   1.4376525e-03   1.5302148e-03   3.3556449e-05
   2.4325701e-03   2.5350142e-03   3.8105029e-02   2.2313465e-03   3.1050810e-03   3.5871332e-05
   9.8794583e-04   8.8147404e-04   4.1432807e-02   2.2173911e-03   1.7449575e-03   3.4390944e-05
   1.3325822e-03   8.0041944e-04   5.3495075e-02   2.2327814e-03   2.0074135e-03   3.6534529e-05
   3.5505079e-03   2.5661775e-03   7.2385020e-02   3.5307744e-03   2.5653572e-03   3.3476351e-05
   1.7366169e-03   2.1801908e-03   5.2812806e-02   2.2967242e-03   1.2487250e-03   3.2316771e-05
   2.4554839e-03   1.9172053e-03   4.8866661e-02   9.5628177e-04   1.9801571e-03   2.9332364e-05
   1.7843514e-03   1.6005663e-03   5.4478103e-02   1.1376775e-03   2.5297801e-03   2.4832992e-05
   4.1018009e-03   4.3708699e-03   7.4909969e-02   4.9275995e-03   5.0797361e-03   2.5462108e-05
   2.9046388e-03   3.4776478e-03   6.7914047e-02   4.0206783e-03   3.4267960e-03   2.8447959e-05
   3.9041092e-03   3.8940520e-03   8.2744585e-02   3.6611288e-03   2.3826236e-03   2.7312596e-05
   2.0433028e-03   1.6361268e-03   9.6644953e-02   3.2838241e-03   3.4991151e-03   2.9021127e-05
   2.3314876e-03   2.1152875e-03   5.8698139e-02   3.1357956e-03   2.1545842e-03   2.7698793e-05
   7.8757977e-04   2.8465479e-03   6.0055248e-02   7.0008590e-04   3.1937220e-03   2.5735784e-05
   1.8615586e-03   9.6758369e-04   4.0213530e-02   8.9218984e-04   2.8106938e-03   2.4337167e-05
   3.6026195e-03   2.1790515e-03   5.4969867e-02   5.6779255e-04   1.1936684e-03   1.9656323e-05
   2.7301552e-03   2.7892769e-03   2.0866343e-02   7.1408992e-04   1.2673146e-03   1.9033877e-05
   4.4209783e-03   2.4156071e-03   2.5655691e-02   2.9232714e-03   1.7851398e-03   2.2307369e-05
   3.8516872e-03   2.8327821e-03   2.6711424e-02   3.8695342e-03   3.9471602e-03   2.2299128e-05
   1.2356126e-03   2.1259078e-03   7.0955736e-02   1.6900817e-03   1.3209382e-03   2.2795041e-05
   1.5887342e-03   2.6394149e-03   6.2024930e-02   2.2612463e-03   4.4484785e-04   2.2652105e-05
   9.8034407e-04   3.1141645e-03   4.4189278e-02   1.1251396e-03   6.5437889e-04   2.0267156e-05
   1.5772471e-03   2.0998692e-03   4.6353401e-02   1.0514854e-03   3.0019450e-04   1.9955147e-05
   6.4263242e-04   1.3380371e-03   7.3882321e-02   2.2398440e-03   1.4330205e-03   1.6881609e-05
   5.8618571e-04   8.5019912e-04   5.8129836e-02   1.2745382e-03   2.0134802e-03   1.5484653e-05
   1.4876035e-03   2.8682803e-04   5.9810001e-02   7.4643952e-04   1.0205611e-03   1.7286803e-05
   2.0294263e-03   9.8070509e-04   5.1675142e-02   8.3159869e-04   8.0832552e-04   1.8003442e-05
   1.6794851e-03   3.1220797e-03   5.5216680e-02   2.5563076e-04   9.4982775e-04   1.7696049e-05
   2.7026598e-03   9.3066101e-04   4.3695242e-02   2.6965253e-04   2.4477240e-03   1.8318080e-05
   2.5391251e-03   1.0745060e-03   5.4217408e-02   9.7821698e-04   2.5638293e-03   1.6356304e-05
   8.7888655e-04   6.0825356e-04   4.3549909e-02   1.7420642e-03   1.0802303e-03   1.6178145e-05
   1.5073050e-03   7.7885140e-04   5.1134672e-02   1.8816880e-03   2.9442958e-03   1.4305580e-05
   8.1664405e-04   1.9211006e-04   1.0533726e-01   8.7596996e-04   3.1886394e-03   1.2478018e-05
   2.0975347e-04   1.9633377e-04   6.9214003e-02   6.5358558e-04   7.0908166e-04   1.3227776e-05
   5.2403196e-04   3.9573360e-04   4.7201868e-02   1.3412628e-03   6.5623717e-04   1.4375861e-05
   3.5590289e-04   3.2058516e-04   4.1583751e-02   2.6458533e-03   4.8745271e-04   1.3566917e-05
   9.4324649e-05   2.6067585e-04   6.1011192e-02   2.1258709e-03   1.8931884e-03   1.7920699e-03
   8.5898643e-05   2.7375460e-04   4.0291340e-02   1.4238320e-03   2.3206018e-03   1.2942356e-03
   6.6457751e-04   8.9222204e-04   6.5611705e-02   2.0266589e-03   1.7949032e-03   7.5116042e-04
   2.5305564e-03   3.6568357e-03   8.2915278e-02   7.0816645e-04   9.6827257e-04   4.5060072e-04
   2.1815795e-03   2.1747325e-03   1.0367424e-01   3.7504075e-04   6.3367462e-04   3.3068084e-04
   1.3479665e-03   2.6042612e-03   5.7933985e-02   1.4804222e-03   2.2992776e-03   2.7782735e-04
   8.6893514e-04   2.1903266e-03   5.6085061e-02   2.8156924e-03   1.0932521e-03   7.8074088e-05
   7.9786319e-04   1.1459313e-03   1.6234779e-02   2.2592941e-03   1.6531293e-03   1.0450849e-04
   3.5489523e-04   5.9524631e-04   6.9793113e-02   1.8371649e-03   1.7579780e-03   9.0366410e-05
   4.5868565e-04   5.7679790e-04   8.5306278e-02   1.0693413e-03   1.8338494e-03   4.0253607e-05
   1.6851852e-04   5.2936408e-04   6.7971318e-02   2.1338716e-03   1.1826972e-03   5.6980261e-05
   1.1910906e-04   3.9697495e-04   3.1307667e-02   1.0506676e-03   2.1805862e-03   7.2100598e-05
   1.2324436e-04   1.8046187e-04   4.3753793e-02   1.9892915e-03   1.6429361e-03   4.2127778e-05
   5.7203038e-05   2.2146652e-04   3.4259254e-02   1.7853528e-03   1.8747526e-03   4.6201735e-05
   4.9527364e-05   2.2003676e-04   5.9159875e-02   1.7442576e-03   2.2556875e-03   5.3350439e-05
   6.8752615e-05   1.9355909e-04   6.2465218e-02   1.2070257e-03   1.6579490e-03   5.1300623e-05
   2.6382521e-05   1.4053806e-04   4.7495501e-02   2.2709237e-03   1.7503099e-03   4.6924743e-05
   1.9432825e-05   1.5588019e-04   4.1007811e-02   2.2478875e-03   1.3513697e-03   4.1111344e-05
   3.5727472e-05   1.6032527e-04   4.4401942e-02   1.7753418e-03   2.3440238e-03   4.2711695e-05
   3.0563090e-05   1.1529604e-04   3.3802253e-02   1.9165294e-03   1.9742511e-03   3.4936653e-05
   2.7056252e-05   1.2361690e-04   2.9762631e-02   1.8225861e-03   1.0870868e-03   3.1827117e-05
   2.6601329e-05   1.4496727e-04   2.5734232e-02   1.7261534e-03   2.1954636e-03   3.7328638e-05
   2.4663514e-05   1.3393765e-04   2.4730682e-02   1.4215578e-03   2.0678348e-03   3.8280817e-05
   2.5165983e-05   1.4217232e-04   2.3839090e-02   1.9493264e-03   2.0024729e-03   3.8262046e-05
   2.0483450e-05   1.3284975e-04   6.2292167e-02   1.7922714e-03   1.7096738e-03   3.8549754e-05
   1.8834642e-05   1.2705891e-04   3.4354119e-02   1.9010953e-03   1.1519373e-03   3.3957968e-05
   2.0792196e-05   1.1697193e-04   2.0557115e-02   1.5749539e-03   1.9386683e-03   3.4079615e-05
   2.1669576e-05   9.6276912e-05   3.9339649e-02   1.8734424e-03   9.8226313e-04   2.9314673e-05
